
LungCancer_Staging

	Average Rewards 10000: [3.1151151151151124, 3.1446696696696677, 3.125340340340338, 3.1246486486486473, 3.1316716716716684, 3.128158158158155, 3.1435035035035006, 3.1175775775775767, 3.1150200200200175]
	Deviation 10000: [0.04161567609843233, 0.04659138298204099, 0.04529946529563364, 0.04747209401132042, 0.044509821019751504, 0.031893462790114555, 0.04538655327845067, 0.03365147263939404, 0.042585495892336483]

	Average Rewards 20000: [3.1159029514757304, 3.144464732366176, 3.141578289144566, 3.1189894947473675, 3.135460230115051, 3.1339094547273576, 3.128784392196091, 3.1326413206603236, 3.118744372186087]
	Deviation 20000: [0.0298063969508851, 0.0345676674242, 0.029339531338230238, 0.04303105621386346, 0.023937125432629377, 0.02315058199504499, 0.03231524445142134, 0.03668423567028756, 0.02060955294236047]

	Average Rewards 30000: [3.1190930310103346, 3.1429859953317747, 3.1427292430810234, 3.130308102700898, 3.1349449816605532, 3.1395515171723907, 3.1275015005001645, 3.139103034344779, 3.128536178726243]
	Deviation 30000: [0.020786198316770647, 0.022024179709498336, 0.023033258273852105, 0.035400330493137955, 0.01723548043895512, 0.020332466010560882, 0.02502028875417693, 0.02993726615439222, 0.019301840999801898]

	Average Rewards 40000: [3.122563140785212, 3.1383608402100616, 3.141394098524638, 3.126281070267578, 3.1343448362090607, 3.1410077519379964, 3.1200685171292877, 3.139852463115786, 3.1265478869717525]
	Deviation 40000: [0.02013732897294719, 0.02586642929702323, 0.02368832657976848, 0.03262680780450675, 0.018426715042423658, 0.012854243188809006, 0.01757054557322075, 0.021478301810014568, 0.015137076469180392]

	Average Rewards 50000: [3.1183366673334896, 3.1400860172034575, 3.1417033406681547, 3.124165633126645, 3.1336317263452864, 3.142498499699955, 3.119892178435708, 3.1415593118623923, 3.1331276255251206]
	Deviation 50000: [0.021570304439261494, 0.014356377327997728, 0.018939326014410913, 0.023860186587480375, 0.0171455207209841, 0.011254042665831555, 0.01987000509834894, 0.01628613255613511, 0.023736429253221503]

	Average Rewards 60000: [3.118752292048704, 3.1396491081847153, 3.1401633605601136, 3.1211885314219234, 3.131585264210722, 3.143453908984852, 3.1207747957993215, 3.1458026337723197, 3.1382430405067727]
	Deviation 60000: [0.01944505447595194, 0.01396456392140186, 0.020697690896782216, 0.027029070028069088, 0.014567531861801444, 0.010513129754216085, 0.01740108073314724, 0.021370152045491232, 0.022424739887407133]

	Average Rewards 70000: [3.1226368052579287, 3.13922203171884, 3.139921417345358, 3.122320902986165, 3.1317188169738768, 3.14412058865555, 3.119753536219481, 3.1439141305901104, 3.1380911558794344]
	Deviation 70000: [0.021184379337201496, 0.008006626650719979, 0.013815874858144714, 0.019642085678156833, 0.012467478491483275, 0.009653036365256126, 0.010802718602003603, 0.01649768993455425, 0.017648827748674014]

	Average Rewards 80000: [3.11971058882364, 3.1403462932866884, 3.138884860607603, 3.119780222527844, 3.1331778972371804, 3.1438311038880156, 3.12262432804103, 3.1421577697212433, 3.1389736217027417]
	Deviation 80000: [0.016979577638304825, 0.015189082325416789, 0.014647616608712902, 0.014931778758593832, 0.008875167796729465, 0.012343304287665507, 0.009304569416439801, 0.013493490969441017, 0.01806626038272588]

	Average Rewards 90000: [3.1200833425936607, 3.1379269918880173, 3.139923880431187, 3.1179676630737028, 3.133228136459634, 3.144131014557204, 3.126069118791006, 3.14247638626517, 3.138965996221832]
	Deviation 90000: [0.01788410475082703, 0.00874051251899508, 0.011570273305337088, 0.016450744147705008, 0.01306811423869863, 0.011081117931390003, 0.012805524804208187, 0.012979907863944483, 0.012480486395919359]

	Average Rewards 100000: [3.120795579557998, 3.1393064306430922, 3.1386768676868, 3.1188351835183825, 3.1354540454045696, 3.1437108710871398, 3.127482348234854, 3.1417876787679107, 3.1390279027903083]
	Deviation 100000: [0.013187232428790965, 0.01012725962449703, 0.0097214364329704, 0.014525719410929422, 0.008716152864337835, 0.0062620921118591855, 0.016473301826320497, 0.012990016615426687, 0.015424933949238774]

	Average Rewards 110000: [3.121803345758731, 3.1387294299481967, 3.1384262205655253, 3.1166222383853306, 3.1356059641785845, 3.1432648422584117, 3.128436676061482, 3.1425156832439525, 3.1420665515046995]
	Deviation 110000: [0.011435119045258036, 0.007347561960115265, 0.01202141621081351, 0.014934124883645516, 0.015240713203521548, 0.007687019501520609, 0.013325363221804769, 0.012982142128558439, 0.012788887047108167]

	Average Rewards 120000: [3.1208684057004836, 3.137697724810407, 3.140150845903833, 3.1156132177681544, 3.132050170847582, 3.141731394282861, 3.1257906492207774, 3.143187348945754, 3.142945245437128]
	Deviation 120000: [0.011512188769842911, 0.005622880030202709, 0.013307261207006057, 0.013708836360004499, 0.010812094442094432, 0.01022275394145035, 0.016123157807183985, 0.014041022521173483, 0.012508560952264334]

	Average Rewards 130000: [3.1200673128702094, 3.1369305331179245, 3.1417135933533293, 3.115704823447948, 3.1329079159935276, 3.142356335102691, 3.12637479806138, 3.1434071851680847, 3.1417639818447483]
	Deviation 130000: [0.009505052574581485, 0.01121179695927074, 0.012383769482118898, 0.011878188801508016, 0.012686015981150319, 0.00633711127014886, 0.012232154720794931, 0.011685226352800537, 0.016545722272079177]

	Average Rewards 140000: [3.1186824058861022, 3.1350575041074116, 3.141858347024774, 3.115424458889904, 3.133955639688529, 3.141423315951116, 3.1276562611614946, 3.1420765768983268, 3.1421126509036146]
	Deviation 140000: [0.01397611667640608, 0.009651194169059428, 0.00857108467444671, 0.012202688531349945, 0.008461441457379242, 0.006837175501894926, 0.014453094574628064, 0.011994307457534006, 0.01342418587015865]

	Average Rewards 150000: [3.117557837189101, 3.1351246749783006, 3.143544569637942, 3.114784918994564, 3.1339399293285934, 3.141377758517199, 3.1294005600372956, 3.141971464764286, 3.1410130675378025]
	Deviation 150000: [0.011934534921118168, 0.009716180903968513, 0.015011667744294943, 0.010742705540709224, 0.013311854284670953, 0.00755723492110243, 0.013878766957955466, 0.012030036040999892, 0.011646055604597345]

	Average Rewards 160000: [3.1172376398524415, 3.136034752171961, 3.142139508719252, 3.1145431589473973, 3.1339993124569925, 3.1403262703918573, 3.1288500531282804, 3.1421070066878736, 3.1406597287329996]
	Deviation 160000: [0.007643729716318848, 0.009018519833568382, 0.00703001345389205, 0.010267628368574049, 0.007362924827509669, 0.006469209005277155, 0.013174902199574717, 0.01024484514323713, 0.009855831539370223]

	Average Rewards 170000: [3.11675127948696, 3.136749514677294, 3.1429137008058725, 3.1150073533736813, 3.133398435202026, 3.139932348961655, 3.1289874698511193, 3.1421907171009487, 3.14108535796219]
	Deviation 170000: [0.008359704745872026, 0.009866294606322828, 0.009834252782121744, 0.012165109961515432, 0.008658881776687149, 0.007863928300827359, 0.012093257497384317, 0.006980616077473817, 0.012415703422351463]

	Average Rewards 180000: [3.1153602977942483, 3.137831268403745, 3.14214761931213, 3.114220401133346, 3.133835490860553, 3.1409217178731588, 3.128343963553471, 3.1421695649757697]
	Deviation 180000: [0.012819200537475746, 0.007383821010507266, 0.009518409475668035, 0.011183497906613124, 0.008178320674837734, 0.009050340886113327, 0.009836869318440302, 0.004609948795057812]

	Average Rewards 190000: [3.115278962050554, 3.137343281225271, 3.1425085530816737, 3.115408389915193, 3.134153639665185, 3.142164587609809, 3.1281925364492187, 3.1421016895625415]
	Deviation 190000: [0.010201907298128593, 0.0079874343537068, 0.008772227201638751, 0.00830142101968377, 0.005341059015792617, 0.010411241778253472, 0.010366996911032272, 0.008832062596453987]

	Average Rewards 200000: [3.115255262763052, 3.136578828941381, 3.141700335016689, 3.115977248862379, 3.135657032851577, 3.1426053802689484, 3.1290131506574648, 3.1409710485523616]
	Deviation 200000: [0.008869297801832045, 0.009588986945290827, 0.0049003600740490285, 0.009773006098353824, 0.009805557937642359, 0.007821006359381598, 0.010223237185764747, 0.008451119953243743]