
Computer_Diagnostician

	Average Rewards 50000: [-207.86599999999999, -208.523, -207.6105, -208.42849999999999, -208.22350000000003, -208.033, -208.023]
	Deviation 50000: [1.0616821558263088, 1.4163230563681444, 1.3507436840496423, 1.3287988937382516, 0.8897072552249984, 1.3274029154706544, 1.398654174554953]

	Average Rewards 50000: [-209.9705, -209.72400000000005, -209.81400000000002, -210.011, -209.72099999999998, -209.9185, -209.73200000000006]
	Deviation 50000: [1.3745948494010876, 0.942370150206385, 0.9439764297904896, 1.5111391398544347, 1.2186043246271556, 0.8400604144941015, 0.8130196799586102]

	Average Rewards 100000: [-208.25425000000004, -208.601, -207.7075, -208.17475, -208.21425, -208.03349999999998, -208.06525000000002]
	Deviation 100000: [0.9822705202743279, 0.9529865555190148, 1.13271521133955, 0.9689967105207321, 0.6851813628521994, 0.7093392171591778, 1.1134280960169813]

	Average Rewards 100000: [-210.02675000000002, -209.99825, -209.99675, -210.0385, -210.26225, -210.08525, -209.80575000000002]
	Deviation 100000: [0.8938252066259907, 0.7038566082661987, 0.8778829648649052, 0.9144579678694896, 1.0482104988980039, 0.6824493570954528, 0.7334889228884109]

	Average Rewards 150000: [-208.15366666666668, -208.2793333333333, -207.9495, -208.24633333333333, -208.15383333333335, -208.04099999999994, -208.05083333333334]
	Deviation 150000: [0.8399018791898653, 1.026111511159158, 0.7931830389849079, 0.7081640189799074, 0.4757113387105449, 0.5375196120453016, 0.8965899905258342]

	Average Rewards 150000: [-210.05533333333332, -210.141, -210.08166666666668, -209.98266666666666, -210.16466666666665, -210.05950000000004, -210.045]
	Deviation 150000: [0.7458957329576598, 0.6934371717114034, 0.6894744375246968, 0.7747783554023701, 0.7505397317190419, 0.593137280343544, 0.6965340782920982]

	Average Rewards 200000: [-208.11075, -208.18099999999998, -207.88350000000003, -208.19575, -208.14662499999997, -208.08925, -208.038625]
	Deviation 200000: [0.7006381466206364, 0.9172432031636989, 0.6997318236295978, 0.613720009450565, 0.37698217796070943, 0.48725080169251705, 0.6829376344147413]

	Average Rewards 200000: [-210.049625, -210.133375, -210.051875, -210.143125, -210.21175, -210.03137500000005, -210.05875]
	Deviation 200000: [0.6565340575705136, 0.5878195407605975, 0.6174936740566676, 0.5968988869565762, 0.6525785872214952, 0.49530804808724666, 0.5627249550179869]

	Average Rewards 250000: [-208.19079999999997, -208.16729999999998, -207.9517, -208.1626, -208.1291, -208.13219999999998, -208.03850000000003]
	Deviation 250000: [0.5761409202617026, 0.684409570359738, 0.6248270640745345, 0.6007980026597926, 0.2741978118074617, 0.4931634211901754, 0.48143587319600534]

	Average Rewards 250000: [-209.9894, -210.0737, -210.08520000000001, -210.13899999999998, -210.1633, -210.02870000000001, -210.0515]
	Deviation 250000: [0.5224998947368287, 0.5685701891587344, 0.49529229753752607, 0.5616097399440294, 0.5790309663567224, 0.3817506516038971, 0.4466721392699593]

	Average Rewards 300000: [-208.15258333333333, -208.17699999999996, -207.95016666666666, -208.17191666666665, -208.13575, -208.19766666666666, -208.05891666666668]
	Deviation 300000: [0.5770670214301145, 0.7018416943220811, 0.45317166234833667, 0.5784474311080953, 0.28901814149134425, 0.4152105055136336, 0.4207044026920147]

	Average Rewards 300000: [-210.06241666666665, -210.04225, -210.1655833333333, -210.11708333333337, -210.17191666666665, -210.06399999999996, -210.09841666666668]
	Deviation 300000: [0.4948012648191861, 0.4197566755474717, 0.4423937097704312, 0.583313094887012, 0.54830709157065, 0.4301826646902446, 0.4842036991001009]

	Average Rewards 350000: [-208.18200000000002, -208.13428571428574, -207.9460714285714, -208.2152857142857, -208.15792857142856, -208.18992857142854, -208.0437857142857]
	Deviation 350000: [0.4990421744068666, 0.5663443461069845, 0.4554525110216455, 0.5894261910484433, 0.35532109652066934, 0.45344286141853596, 0.3578144114778284]

	Average Rewards 350000: [-210.0497142857143, -210.10957142857143, -210.19099999999997, -210.15428571428572, -210.17185714285716, -210.02557142857142, -210.1122142857143]
	Deviation 350000: [0.40950713282766604, 0.4423392363333793, 0.5084835096557587, 0.42245426029431377, 0.510837467662021, 0.3952462162103159, 0.3689293251271516]

	Average Rewards 400000: [-208.185375, -208.14737499999998, -207.9754375, -208.18862500000003, -208.13549999999998, -208.17356249999997, -208.05993750000002]
	Deviation 400000: [0.3867638875173073, 0.5277657283895026, 0.4512994519302027, 0.48802386116100877, 0.23259260588526806, 0.45386468075572745, 0.4023776696867003]

	Average Rewards 400000: [-209.98568749999998, -210.107375, -210.2010625, -210.09974999999997, -210.14875, -210.01999999999995, -210.1265625]
	Deviation 400000: [0.33666264178699573, 0.3689442073335753, 0.4340317258709333, 0.3985583591207183, 0.4313996570032249, 0.34916222277402736, 0.4142302726141579]

	Average Rewards 450000: [-208.22044444444444, -208.1701111111111, -207.98633333333336, -208.16366666666664, -208.14522222222223, -208.1292777777778, -208.03466666666662]
	Deviation 450000: [0.4964310154356008, 0.5264319272936175, 0.3569446995243349, 0.4506476272550629, 0.34148619443200534, 0.3728139823452158, 0.3364824578554503]

	Average Rewards 450000: [-210.0093888888889, -210.13555555555556, -210.22222222222226, -210.09794444444444, -210.1749444444444, -210.02572222222219, -210.13594444444448]
	Deviation 450000: [0.37521398832804315, 0.402324457541179, 0.3919364712946006, 0.3387625265325523, 0.3956067538651292, 0.38531274775206437, 0.3547152222401624]

	Average Rewards 500000: [-208.2137, -208.1744, -208.0216, -208.14954999999998, -208.17175, -208.0923, -208.0241]
	Deviation 500000: [0.4311176579542944, 0.47909329989053256, 0.4255854085844579, 0.3564277416251435, 0.2644711704515268, 0.3727589167276884, 0.340722306284752]

	Average Rewards 500000: [-210.05160000000004, -210.14485000000002, -210.17475, -210.0901, -210.21204999999998, -210.07444999999998, -210.13295]
	Deviation 500000: [0.29502404986712405, 0.3777742910786827, 0.37011180743121547, 0.34323059304205755, 0.43391270435422813, 0.296609398030473, 0.3288722928432842]