
Computer_Diagnostician

	Average Rewards 50000: [-210.13049999999998, -210.16300000000004, -210.07, -209.82, -210.2985, -210.02349999999998, -209.898]
	Deviation 50000: [1.328768602880121, 1.1909790090509578, 1.0726893772197061, 1.055420532299803, 1.0302142980953024, 1.0620870962402276, 1.0333119083800388]

	Average Rewards 100000: [-209.9975, -210.01975000000002, -210.16275, -209.88275, -210.05925, -209.92025, -209.83]
	Deviation 100000: [1.0507735245998526, 0.8932851588378712, 0.8372284634435214, 0.8382539143958692, 0.7848429779261583, 0.8447508508430175, 0.8480658140734101]

	Average Rewards 150000: [-209.9745, -210.0371666666667, -210.2363333333333, -209.93633333333335, -210.02033333333335, -209.85333333333332, -210.0885]
	Deviation 150000: [0.6964506443388502, 0.7879023839706732, 0.6976264520978729, 0.6998824504475345, 0.6024018131151717, 0.7360480056807884, 0.8301131783611775]

	Average Rewards 200000: [-210.00162500000002, -210.10962500000002, -210.29675000000003, -209.867625, -210.06112500000003, -209.90000000000003, -210.04162499999998]
	Deviation 200000: [0.6322431049446102, 0.6239866284625014, 0.4489131667148984, 0.49382901266531737, 0.5434669378168295, 0.8561227095165743, 0.6689653391619055]

	Average Rewards 250000: [-210.0625, -210.18329999999997, -210.2448, -209.96110000000002, -209.96720000000002, -209.89190000000002, -210.051]
	Deviation 250000: [0.502104570781822, 0.5715250300730493, 0.386981860039976, 0.546333725848952, 0.5024934427432852, 0.7192917627778042, 0.7023866456589278]

	Average Rewards 300000: [-210.09683333333334, -210.22208333333336, -210.22150000000002, -209.91774999999998, -210.00775, -209.955, -210.11683333333335]
	Deviation 300000: [0.5210649884824573, 0.5080788297323773, 0.5301476209509942, 0.47002885549719114, 0.4751240773617861, 0.6585374156247903, 0.578015618781673]

	Average Rewards 350000: [-210.16235714285713, -210.25814285714284, -210.14742857142858, -209.93892857142856, -210.05092857142859, -209.98457142857143, -210.09814285714285]
	Deviation 350000: [0.47392787705837625, 0.4716301192542231, 0.4382508367571762, 0.5008250845416228, 0.3967299755115399, 0.5584314037131706, 0.6274823113207326]

	Average Rewards 400000: [-210.07818749999998, -210.2914375, -210.12256250000002, -209.95206250000004, -210.01868749999997, -210.06018750000004, -210.1015625]
	Deviation 400000: [0.51212094976431, 0.39907170604103115, 0.4452753449411947, 0.4128648291965555, 0.41389217723339317, 0.5874990226055719, 0.5640547956537555]

	Average Rewards 450000: [-210.1267777777778, -210.28549999999998, -210.11033333333336, -209.95644444444443, -210.00327777777773, -210.06133333333332, -210.11322222222225]
	Deviation 450000: [0.5048860829832049, 0.43073975987914304, 0.4872116241087286, 0.3694993442918395, 0.39816184128046817, 0.4588622671858216, 0.4807628197863172]

	Average Rewards 500000: [-210.15184999999997, -210.271, -210.15205000000003, -209.96450000000002, -209.95780000000002, -210.06165000000001, -210.14565]
	Deviation 500000: [0.43855517326785537, 0.3888174378805566, 0.3919931249397103, 0.3539634515031189, 0.39943245361387547, 0.4315781678908229, 0.45885606675732094]