Run Time:  27511.18465447426

Nodes : 34674
Parameters : 1372
Layers : 32

Report :

            precision    recall  f1-score   support
       0       0.66      0.80      0.73       980
       1       0.80      0.97      0.87      1135
       2       0.94      0.21      0.34      1032
       3       0.86      0.23      0.36      1010
       4       0.82      0.32      0.46       982
       5       0.60      0.59      0.60       892
       6       0.81      0.90      0.85       958
       7       0.94      0.32      0.47      1028
       8       0.36      0.64      0.46       974
       9       0.38      0.94      0.54      1009
accuracy                           0.59     10000
macro avg      0.72      0.59      0.57     10000
weighted avg   0.72      0.59      0.57     10000     

(array([0.66218487, 0.79753266, 0.93832599, 0.85925926, 0.81653747,0.60299194, 0.81114259, 0.93678161, 0.35673516, 0.37738095]), 
array([0.80408163, 0.96828194, 0.20639535, 0.22970297, 0.32179226,0.58744395, 0.89665971, 0.31712062, 0.64168378, 0.94251734]), 
array([0.72626728, 0.87465181, 0.33836378, 0.3625    , 0.46165084,0.59511641, 0.85176004, 0.47383721, 0.45854732, 0.53896288]), 
array([ 980, 1135, 1032, 1010,  982,  892,  958, 1028,  974, 1009]))                          

(0.5933, 0.5933, 0.5933, None)
Confusion Matrix : [[ 788    0    1    0    3   13   23    1  104   47]
		    [   3 1099    2    0    0    9    5    0   12    5]
		    [  62  121  213   24   49   22   89    4  379   69]
		    [  85   80    8  232    1   99   15    6  259  225]
		    [  33    8    0    3  316   69   18    5   53  477]
		    [  54   15    1    5    3  524   21    0  178   91]
		    [  45   10    0    0    2   18  859    0   23    1]
		    [   4    6    1    3    9   18    6  326   94  561]
		    [ 112   29    1    2    1   86   22    3  625   93]
		    [   4   10    0    1    3   11    1    3   25  951]]

