
CrossingTraffic
	Run Time : [273.6596667766571, 2998.2903044223785, 2402.158529281616, 9973.869557619095, 12207.940668344498, 14397.18154501915, 14421.774231672287, 15663.243483304977, 16730.223236083984, 17200.203322172165, 17755.141674518585]
	Log Likelihood : [-18.207073210453355, -6.916125229487657, -8.276427809509395, -4.288879929509539, -4.288879929509539, -4.288879929509539, -3.0386144623173807, -3.0386144623173807, -3.0386144623173807, -3.0386144623173807, -3.0386144623173807]
	Log Likelihood Deviation: [0.28872423214851506, 0.05175015174657449, 0.036820542664803176, 0.02337240315391185, 0.02337240315391185, 0.02337240315391185, 0.015015841271669514, 0.015015841271669514, 0.015015841271669514, 0.015015841271669514, 0.015015841271669514]
	MEU : [-5.0, -4.616392555275525, -4.425137515746642, -4.352325246892821, -4.352325246892821, -4.352325246892821, -4.0, -4.0, -4.0, -4.0, -4.0]
	Nodes : [1706, 67203, 20584, 193392, 193392, 193392, 273206, 273206, 273206, 273206, 273206]
	Edges : [1611, 63616, 19254, 181131, 181131, 181131, 254527, 254527, 254527, 254527, 254527]
	Layers : [18, 30, 26, 30, 30, 30, 20, 20, 20, 20, 20]
	Average Rewards : [-4.98107, -4.9559180000000005, -4.824955999999999, -4.825236, -4.825672, -4.824771999999999, -4.0, -4.0, -4.0, -4.0, -4.0]
	Rewards Deviation : [0.0007544534445543898, 0.0014944483932207168, 0.0029884885812062945, 0.0028405464263059786, 0.0026177883795294975, 0.002926023923347266, 0.0, 0.0, 0.0, 0.0, 0.0]



