
LungCancer_Staging

	Average Rewards 50000: [3.109312999999992, 3.1130309999999923, 3.1456679999999926, 3.139431999999993, 3.139893999999993, 3.1168915999999935, 3.145298999999993]
	Deviation 50000: [0.024565611248245654, 0.039150848828598796, 0.03332273962326399, 0.034127773528313046, 0.02314627646080286, 0.02634371627997646, 0.03019837204221246]

	Average Rewards 100000: [3.1108960000000128, 3.112539000000012, 3.139188500000012, 3.1424955000000114, 3.1410490000000117, 3.116669500000012, 3.1411810000000107]
	Deviation 100000: [0.02045435458527376, 0.026073347339768373, 0.01980724770128224, 0.021645534724282208, 0.019938144321876027, 0.020581643678292228, 0.021555921495033614]

	Average Rewards 150000: [3.1073683333333593, 3.108776666666694, 3.1452183333333568, 3.14493766666669, 3.140943000000023, 3.111246066666687, 3.1395090000000208]
	Deviation 150000: [0.01787557722456191, 0.021882038550176133, 0.019291552555464178, 0.021105716197809696, 0.015463648714182888, 0.01640610915943327, 0.017633074339626884]

	Average Rewards 200000: [3.1108755000000343, 3.111133500000034, 3.142167750000027, 3.1453987500000284, 3.1416882500000263, 3.1122810500000258, 3.139851250000027]
	Deviation 200000: [0.017526704617531585, 0.019216135462815392, 0.01819069573986022, 0.018977023442841728, 0.015508088748299486, 0.014406216326125982, 0.01373476690283111]

	Average Rewards 250000: [3.1114674000000377, 3.11308840000004, 3.1417808000000305, 3.143425200000032, 3.1420644000000313, 3.11057360000003, 3.1409800000000314]
	Deviation 250000: [0.01672894109739739, 0.014044088985768022, 0.01371622977935718, 0.015806266003083158, 0.014565904319339509, 0.015743745653439167, 0.01375350726179106]

	Average Rewards 300000: [3.110241666666675, 3.1125208333333427, 3.1428635000000025, 3.1438148333333373, 3.141221666666671, 3.113698500000004, 3.1401783333333384]
	Deviation 300000: [0.013071845859197712, 0.012625141528358268, 0.012138109309570827, 0.013828518443180228, 0.01271420028507218, 0.015476600947521514, 0.012633541939786991]

	Average Rewards 350000: [3.1105514285714038, 3.1133828571428324, 3.1424075714285506, 3.1424349999999763, 3.140813428571403, 3.1132552285714064, 3.140194285714262]
	Deviation 350000: [0.014644152207537281, 0.012902005618488702, 0.012029732524545722, 0.014069131792245327, 0.012584910720250128, 0.01326159381211579, 0.012045238961208203]

	Average Rewards 400000: [3.110277249999952, 3.1128981249999503, 3.142371249999958, 3.1420607499999527, 3.140812624999958, 3.11371602499996, 3.1399261249999615]
	Deviation 400000: [0.012523791031964599, 0.010713680251491744, 0.010973148477071822, 0.013069443103321768, 0.013003292265802283, 0.012901689436213564, 0.009463431793614746]

	Average Rewards 450000: [3.1107742222221537, 3.1132085555554836, 3.1411893333332754, 3.1422605555554988, 3.1413431111110492, 3.113652488888833]
	Deviation 450000: [0.012204029200058409, 0.009362503817265621, 0.00835857176942281, 0.010984575717957698, 0.009118248021827648, 0.009725551534218276]

	Average Rewards 500000: [3.1108773999999118, 3.112261799999911, 3.1407119999999327, 3.1429454999999265, 3.140191399999931, 3.1138219599999313]
	Deviation 500000: [0.011469561946295373, 0.010081648166842287, 0.008001653266664615, 0.009684386867523593, 0.009274675117752816, 0.010555830899473713]