
Powerplant_Airpollution

	Average Rewards 10000: [-2754304.304304304, -2767717.7177177174, -2769019.01901902, -2771521.5215215213, -2770870.8708708715, -2771121.121121121]
	Deviation 10000: [48143.59556349904, 27336.171738272384, 35526.54653751547, 43656.87161210103, 39005.529624030954, 22118.554919183844]

	Average Rewards 20000: [-2771060.5302651324, -2757903.9519759878, -2767683.84192096, -2772886.443221611, -2776288.1440720363, -2763681.84092046]
	Deviation 20000: [30420.606617121015, 19501.559957168913, 19021.28331018866, 18980.191189650322, 23550.36052433076, 15079.367708350728]

	Average Rewards 30000: [-2769739.9133044346, -2752034.0113371126, -2767839.27975992, -2775108.3694564854, -2772040.6802267423, -2764604.8682894297]
	Deviation 30000: [28855.90185303408, 18000.29703504734, 11704.150668649787, 19262.22073228111, 16229.885642503397, 19391.516786439093]

	Average Rewards 40000: [-2772793.1982995747, -2754663.665916479, -2764478.6196549134, -2775418.8547136784, -2769342.335583896, -2760540.135033758]
	Deviation 40000: [22558.549649204593, 13353.29150631511, 15075.166578512324, 9541.41701370401, 15411.419989363483, 14606.498093619839]

	Average Rewards 50000: [-2774224.844968994, -2762332.4664932988, -2767153.430686137, -2771734.3468693737, -2769623.9247849574, -2763752.75055011]
	Deviation 50000: [19269.006279240577, 20162.39550787956, 12554.482853199586, 8460.03699918163, 11902.048472291843, 15850.251800638323]

	Average Rewards 60000: [-2768253.0421736958, -2763560.593432239, -2765994.3323887317, -2769244.874145691, -2766527.7546257703, -2766452.7421236867]
	Deviation 60000: [16152.522237505245, 17966.336691666987, 10407.208521501654, 12938.227816855586, 10787.513781467449, 12994.334838264776]

	Average Rewards 70000: [-2765145.0207172455, -2763087.583940563, -2765759.394199171, -2770560.08001143, -2767931.1330190026, -2766216.602371767]
	Deviation 70000: [19370.85194223923, 17091.764340678637, 10803.444636904076, 8865.206822058897, 11795.718962838311, 8639.441337537442]

	Average Rewards 80000: [-2765608.201025128, -2764126.7658457304, -2761382.672834104, -2768139.767470934, -2765683.2104013, -2764039.254906863]
	Deviation 80000: [20087.502224806332, 15003.288104906293, 16836.179898046168, 10803.514936008405, 9955.71896129637, 12379.43377190935]

	Average Rewards 90000: [-2764390.4878319814, -2762729.192132459, -2762118.0131125683, -2768213.134792755, -2765262.8069785526, -2764629.40326703]
	Deviation 90000: [18380.408676314866, 14910.250620149238, 13794.159091590105, 11181.638883519983, 7580.859907896584, 12217.487293269189]

	Average Rewards 100000: [-2765006.500650065, -2763246.3246324635, -2764631.4631463145, -2768586.858685869, -2765781.578157815, -2763571.3571357136]
	Deviation 100000: [15502.795390819576, 13912.918885938085, 13960.308058610855, 9472.55746732112, 9937.276986543426, 10557.533622424453]

	Average Rewards 110000: [-2763469.4063096642, -2761051.0046367855, -2764183.1075552325, -2769142.6493317573, -2765224.1112828436, -2765469.588144377]
	Deviation 110000: [14192.411876279954, 13834.132611783409, 13074.381295311483, 7907.411281862036, 8480.966690955815, 9583.996075467618]

	Average Rewards 120000: [-2762888.5740478374, -2761825.9854987916, -2764451.2042670227, -2768680.7233936163, -2764734.5612134347, -2764709.559129928]
	Deviation 120000: [14549.346155526935, 12274.810038246296, 13264.162985207806, 8080.221434582793, 6862.161039498693, 11665.008245801346]

	Average Rewards 130000: [-2762389.4145703516, -2762381.7216708977, -2764535.7335179625, -2768466.805138857, -2763643.357181322, -2763739.518424494]
	Deviation 130000: [11107.374701062758, 13544.126730811595, 10146.176142800363, 5988.866639994946, 8430.305205549328, 9946.29797950239]

	Average Rewards 140000: [-2762590.185013215, -2762047.289092078, -2763368.812058004, -2767590.5421815845, -2764833.202371598, -2763615.2582327314]
	Deviation 140000: [12152.220086286838, 9727.06332623086, 11958.707474897796, 5124.165024876259, 8988.016932927052, 10943.338661252363]

	Average Rewards 150000: [-2762890.859390626, -2762080.805387026, -2762774.1849456634, -2767131.142076138, -2762440.829388626, -2762920.8613907592]
	Deviation 150000: [10375.820100733115, 9051.317941792397, 7707.423426475692, 6606.737108809713, 8299.590064033, 8108.7045045325685]