
HIV_Screening

	Average Rewards 10000: [42.599182182181586, 42.52285585585524, 42.49561561561502, 42.55481981981922, 42.58683483483423, 42.54932732732673]
	Deviation 10000: [0.2635142358701821, 0.1381465045884181, 0.2522114887936618, 0.20287421887567061, 0.23198018651396599, 0.2675158757884307]

	Average Rewards 20000: [42.65235617808744, 42.52606303151413, 42.51044422210944, 42.5828609304636, 42.60295247623648, 42.526993996996886]
	Deviation 20000: [0.25782736504572307, 0.0823910191280724, 0.15964466245583814, 0.1145808951421801, 0.16755735709913247, 0.164072523935012]

	Average Rewards 30000: [42.62797432477303, 42.51149849949791, 42.48709703234221, 42.52624008002476, 42.5884698232725, 42.54185628542657]
	Deviation 30000: [0.17518152942524892, 0.09785128786770375, 0.14314424306333398, 0.13747327093185546, 0.17734115360190017, 0.11982349250246527]

	Average Rewards 40000: [42.600677669415305, 42.54906426606446, 42.51762690672462, 42.51074943735728, 42.566836709175234, 42.5484841210282]
	Deviation 40000: [0.14480827248398104, 0.08500263998876663, 0.10071168947552962, 0.13098188192260565, 0.13031818388310631, 0.08624399767340239]

	Average Rewards 50000: [42.553999999997856, 42.5520262052389, 42.52717723544494, 42.498155831164084, 42.54749449889763, 42.544976195236906]
	Deviation 50000: [0.14366289142692829, 0.07580052666351261, 0.10395623724137264, 0.11667890200660004, 0.14083709555150273, 0.06720493673612381]

	Average Rewards 60000: [42.531584097347356, 42.53367394565541, 42.517999333220004, 42.51128938156138, 42.55272562093461, 42.54643423903764]
	Deviation 60000: [0.14500823694218684, 0.10270996536829012, 0.07637751229455192, 0.10929542306587033, 0.08976330157004321, 0.06309223551245291]

	Average Rewards 70000: [42.52660580082941, 42.53982497499717, 42.53482840405845, 42.51878025432275, 42.54412001714602, 42.53221703100515]
	Deviation 70000: [0.13925090411857638, 0.11366993032888165, 0.0831416432866305, 0.09525255031832486, 0.1013022823982878, 0.06175211344926877]

	Average Rewards 80000: [42.53480347543784, 42.53556307038722, 42.53890298787691, 42.5339353669243, 42.56002725341009, 42.5362785348203]
	Deviation 80000: [0.1137651319923803, 0.08681779708374153, 0.06975429211032007, 0.09356621069858431, 0.08530047567627934, 0.04962481913950482]

	Average Rewards 90000: [42.536185020563366, 42.53616224025446, 42.551841315707286, 42.56074263807643, 42.552047227475256, 42.536268140910074]
	Deviation 90000: [0.11173444728440496, 0.09206520995983063, 0.06985289491298241, 0.1167320188099725, 0.0713525251875186, 0.04534958903519604]

	Average Rewards 100000: [42.547929492956506, 42.5350481048177, 42.55580388039526, 42.57377107711492, 42.574947994806706, 42.543844584465674]
	Deviation 100000: [0.09711892225259401, 0.05444418140057186, 0.06598613658879125, 0.1068592573556815, 0.09208683307631667, 0.0418149994058555]

	Average Rewards 110000: [42.546858714437164, 42.52527247932487, 42.5480140921988, 42.57024920448172, 42.57019565415898, 42.53364096736926]
	Deviation 110000: [0.09446034598517837, 0.07262409094812089, 0.053589907347330316, 0.10304073203464226, 0.0767226916761123, 0.046118271731177544]

	Average Rewards 120000: [42.540564547055304, 42.52678164848047, 42.56055779649279, 42.56968730728538, 42.574700058347936, 42.53572781066062]
	Deviation 120000: [0.08403900790533922, 0.050306266618815446, 0.06528512179226768, 0.09497814148357536, 0.04008998805364501, 0.03926805774831549]

	Average Rewards 130000: [42.542990460812405, 42.531722747911395, 42.56977067467496, 42.56546003539503, 42.5800616970613, 42.53833971844761]
	Deviation 130000: [0.07898345777045045, 0.0549890142618345, 0.06701519443799095, 0.10034294613649965, 0.08436234776477379, 0.04910152793182931]

	Average Rewards 140000: [42.54631130795521, 42.53937609829738, 42.57640245732304, 42.558705264666386, 42.585703335957184, 42.54806757626005]
	Deviation 140000: [0.0825693316776167, 0.06244434540090514, 0.06689715748783308, 0.08604457197758156, 0.061680633131123416, 0.053798719440003466]

	Average Rewards 150000: [42.546960197348476, 42.538093206215756, 42.572840456032345, 42.57051090072865, 42.582369091274686, 42.55761344089802]
	Deviation 150000: [0.07827569729954104, 0.06058594339226583, 0.06547829850642768, 0.10374830673355563, 0.06829501220308866, 0.05219830375387965]