
HIV_Screening

	Average Rewards 50000: [42.51825679999839, 42.556852599998386, 42.594264999998366, 42.589404799998384, 42.594649199998365, 42.540947799998385, 42.58790959999838, 42.51273759999838]
	Deviation 50000: [0.15950232556848132, 0.1928378069939352, 0.1996426545054787, 0.19741594952523495, 0.20685773941371574, 0.18441947655319546, 0.21605061110726914, 0.22842478524062845]

	Average Rewards 100000: [42.58210989999793, 42.54769949999793, 42.578035299997936, 42.56730089999794, 42.58625679999793, 42.553445699997944, 42.57727119999794, 42.544916399997945]
	Deviation 100000: [0.1252846392429432, 0.14713466795249966, 0.14246109097977103, 0.13481833132194584, 0.15579678497405308, 0.08469526376520368, 0.16176541931620808, 0.1785405259794855]

	Average Rewards 150000: [42.556505799997794, 42.53931919999779, 42.552123266664445, 42.58718479999778, 42.5704113999978, 42.54184553333113, 42.55969019999779, 42.539074066664455]
	Deviation 150000: [0.10847336638916978, 0.11767653051677339, 0.12895933941487767, 0.1222215796605981, 0.1293880190534949, 0.09785854640552033, 0.12435166352395782, 0.13661691427170358]

	Average Rewards 200000: [42.55522080000343, 42.53377285000342, 42.54378710000342, 42.59216550000344, 42.56555340000345, 42.54668955000343, 42.56142120000345, 42.52565470000342]
	Deviation 200000: [0.09942725369017778, 0.08129693392172102, 0.13192006919524032, 0.0945328998345723, 0.09743187104303, 0.06863931744353241, 0.1082814488437245, 0.10646607103165341]

	Average Rewards 250000: [42.56445104000723, 42.53804248000721, 42.54815112000721, 42.57837044000725, 42.555535320007245, 42.54405760000722, 42.56366680000723, 42.540911720007216]
	Deviation 250000: [0.08083698018334899, 0.06722210558866111, 0.10836874680255401, 0.08424436191990865, 0.0837418759234958, 0.07018011076768108, 0.09788271936563564, 0.09705729572520082]

	Average Rewards 300000: [42.550690866676426, 42.54145973334306, 42.55339443334307, 42.575819400009756, 42.54415296667643, 42.544476933343084, 42.563707466676426, 42.539471700009756]
	Deviation 300000: [0.09132213626181505, 0.058533453913491795, 0.09297330579373787, 0.0700349525509224, 0.0917817128436417, 0.06233707647174297, 0.07339613745119775, 0.08370145616865533]

	Average Rewards 350000: [42.54992328571891, 42.542686571433215, 42.560826114290364, 42.567784428576054, 42.552900428576066, 42.55239122857608, 42.560893742861744, 42.544354771433206]
	Deviation 350000: [0.0741911542157703, 0.054325462492793505, 0.07650860561570355, 0.07145393879940955, 0.07731434727210212, 0.049312293870318345, 0.06171334999625165, 0.07576145163885789]

	Average Rewards 400000: [42.55295907499962, 42.54959692499963, 42.56772947499962, 42.56264722499964, 42.552523124999624, 42.55360419999963, 42.55973362499965, 42.547179599999616]
	Deviation 400000: [0.06717273733348877, 0.060578451343525734, 0.08444523010384006, 0.07671875767533072, 0.07198299049685798, 0.0591506971739704, 0.048129549249240615, 0.0694068633731892]

	Average Rewards 450000: [42.55175851110688, 42.540871244440204, 42.565080577773514, 42.56491771110687, 42.551888977773544, 42.551929111106865, 42.568674355551295, 42.55091008888465]
	Deviation 450000: [0.06634968164491761, 0.057119954645194315, 0.06574609187865837, 0.060547973969058644, 0.06355730268879438, 0.043427072299329385, 0.05418021316456131, 0.07332482270270235]

	Average Rewards 500000: [42.55406795999265, 42.540620439992644, 42.571674459992664, 42.56540565999265, 42.55257285999265, 42.54704077999267, 42.57351265999263, 42.557304699992656]
	Deviation 500000: [0.05050067171114579, 0.05179235210186072, 0.061314749464345494, 0.07208011472486901, 0.06333545100452331, 0.05854235698241518, 0.05000240819292427, 0.06930959850953516]