
Computer_Diagnostician_v2

	Average Rewards 10000: [-208.0625, -208.0625, -207.95999999999998, -209.15500000000003, -208.76500000000001, -206.74, -207.9725]
	Deviation 10000: [1.1734697482253216, 1.4508725822759205, 1.1757019180047261, 1.6468454693747097, 1.8348092543913128, 1.9605228894353666, 1.924722382578852]

	Average Rewards 20000: [-208.1875, -208.36000000000004, -208.35, -208.71875000000006, -208.305, -207.14624999999995, -207.76]
	Deviation 20000: [1.5274979541721192, 0.7891807460905245, 1.1802012540240767, 0.7529369578523796, 1.4158831166448747, 1.4071808030597874, 1.2419842994176697]

	Average Rewards 30000: [-208.06, -208.34250000000003, -208.22750000000002, -208.2133333333333, -208.71999999999997, -207.65, -207.8225]
	Deviation 30000: [1.2384174489152584, 0.6305360373875891, 0.5440849862128383, 1.445520859605821, 1.091349826794523, 1.2333445945431833, 0.8874827854355557]

	Average Rewards 40000: [-207.8925, -208.338125, -208.54000000000002, -208.18312500000002, -208.465, -207.45062500000003, -208.10125]
	Deviation 40000: [0.768606693959922, 0.6977556095260024, 0.6630493005802762, 1.0834084308906793, 1.2257911985733958, 1.0915028701863305, 0.7564348947530125]

	Average Rewards 50000: [-208.0585, -208.29699999999997, -208.536, -207.904, -208.3065, -207.56300000000002, -208.31149999999997]
	Deviation 50000: [0.5786106203657212, 0.33442637455798907, 0.8332610635329104, 1.1670278488536592, 0.9998051060081661, 0.8841583568569602, 0.7389927266218496]

	Average Rewards 60000: [-208.19666666666666, -208.15833333333336, -208.3291666666667, -207.80791666666664, -208.37000000000003, -207.76291666666665, -208.34458333333336]
	Deviation 60000: [0.9530594012034155, 0.5038325339060801, 0.8673114588581609, 1.2106994792956143, 0.881081642704646, 1.0739876531723571, 0.684998099145782]

	Average Rewards 70000: [-208.32, -208.14571428571426, -208.35464285714284, -207.7864285714286, -208.3725, -207.85357142857143, -208.35214285714287]
	Deviation 70000: [0.5585837594546856, 0.47620095226571874, 0.4793704683419344, 0.8741625730272534, 0.5219494707344761, 0.7978878367289476, 0.7767872742184676]

	Average Rewards 80000: [-208.17, -207.9978125, -208.33312500000002, -207.93125, -208.3165625, -207.83656249999999, -208.25]
	Deviation 80000: [0.6079570040307137, 0.5172286615040299, 0.42776262035736223, 0.9464283187331214, 0.41357825457372593, 0.653214781508544, 0.6864679754001616]

	Average Rewards 90000: [-208.21361111111113, -207.97333333333336, -208.30777777777774, -207.95416666666665, -208.23333333333335, -207.82722222222225, -208.2213888888889]
	Deviation 90000: [0.6868388515690497, 0.4296355762679152, 0.48775246707300485, 0.7634647812585846, 0.6001864422261601, 0.7607113711017196, 0.5775788252548]

	Average Rewards 100000: [-208.21324999999996, -208.14499999999998, -208.3, -207.93599999999998, -208.15175, -207.79900000000004, -208.17275]
	Deviation 100000: [0.6020880853330343, 0.6867923630909104, 0.5435738220334037, 0.708578859408043, 0.6429250053466595, 0.6496587565791735, 0.5311890553277602]

	Average Rewards 110000: [-208.24886363636364, -208.13613636363635, -208.2745454545455, -207.94500000000002, -208.19590909090908, -207.83795454545458, -208.24159090909092]
	Deviation 110000: [0.3995946422303157, 0.5276609562121672, 0.2595307271733099, 0.7034726436263019, 0.5163152186006927, 0.7490979768532418, 0.5821492754660275]

	Average Rewards 120000: [-208.29125, -208.06625, -208.28458333333333, -207.99916666666667, -208.184375, -207.91666666666669, -208.20749999999998]
	Deviation 120000: [0.42357584097249784, 0.5759689902918178, 0.36488463740079774, 0.6550108671702416, 0.3951455098547034, 0.5602385094760949, 0.4508789641109623]

	Average Rewards 130000: [-208.34, -208.0175, -208.17211538461538, -207.9348076923077, -208.1473076923077, -207.7901923076923, -208.19557692307689]
	Deviation 130000: [0.4796932575112737, 0.48263748539425977, 0.5020993280289218, 0.6044524455039781, 0.4759482904139164, 0.5090246576257393, 0.48901395927607605]

	Average Rewards 140000: [-208.2921428571429, -208.0730357142857, -208.14249999999998, -207.97178571428572, -208.14357142857142, -207.74589285714282, -208.22678571428574]
	Deviation 140000: [0.4810425275017818, 0.6713280937356761, 0.4027684806183251, 0.4999150438028554, 0.3713257069100457, 0.6304831167122383, 0.5215043976177933]

	Average Rewards 150000: [-208.33433333333332, -208.08366666666666, -208.15216666666666, -207.998, -208.16766666666666, -207.76350000000002, -208.20583333333335]
	Deviation 150000: [0.33149677390754645, 0.42890674977201676, 0.39283870735964865, 0.497021573419547, 0.36418188374004073, 0.662414124413284, 0.3716317248148918]