
Powerplant_Airpollution

	Average Rewards 10000: [-2767767.7677677674, -2754354.3543543546, -2748648.6486486485, -2742742.7427427424, -2755505.5055055055, -2763713.713713714, -2755505.5055055055]
	Deviation 10000: [34946.97928908165, 36812.34769389928, 46012.19541743398, 39842.48058410681, 35371.790681111896, 40941.70575730036, 31856.57181012769]

	Average Rewards 20000: [-2770460.2301150574, -2750725.362681341, -2766183.0915457727, -2755052.5262631313, -2757978.9894947475, -2759254.627313657, -2757528.764382191]
	Deviation 20000: [24507.929603575263, 17009.313461019818, 40246.32730970866, 26557.828731607024, 22088.80470542698, 28605.439895653137, 38293.191325740765]

	Average Rewards 30000: [-2766488.82960987, -2750866.955651884, -2766422.140713571, -2761320.4401467154, -2764554.8516172054, -2759736.5788596193, -2765005.0016672225]
	Deviation 30000: [20091.12993160597, 13779.580590176854, 34138.02256543524, 21161.40717626453, 21675.917518851085, 17291.34704959569, 25538.58771992975]

	Average Rewards 40000: [-2762890.72268067, -2744248.562140535, -2764141.035258815, -2753450.8627156788, -2767879.469867467, -2758739.68492123, -2757464.366091523]
	Deviation 40000: [15476.041611559996, 18861.432496852223, 27591.098415550594, 29742.854934756913, 13812.898588237898, 17799.568604876884, 20803.022155868417]

	Average Rewards 50000: [-2760382.076415283, -2745519.1038207645, -2763652.730546109, -2753360.6721344264, -2767043.4086817363, -2759731.9463892775, -2758861.772354471]
	Deviation 50000: [13885.215589713409, 17361.64331526184, 18609.688722622992, 23119.27072577187, 14282.033553871566, 14025.344068581167, 22310.49043125216]

	Average Rewards 60000: [-2755050.8418069677, -2752058.6764460737, -2759151.525254209, -2752217.0361726955, -2764069.011501917, -2758334.7224537423, -2762252.0420070007]
	Deviation 60000: [18467.286878254497, 20382.53947727657, 19636.862579553184, 20506.44766641595, 14499.449317255674, 9354.681735387841, 19054.832557530583]

	Average Rewards 70000: [-2756015.1450207173, -2753857.693956279, -2758815.5450778683, -2751321.6173739107, -2768388.341191598, -2760372.910415774, -2764023.4319188455]
	Deviation 70000: [16486.517374451658, 16031.830912163576, 18560.763521578046, 16504.645835911706, 16976.698994121933, 10082.087042059173, 20853.829441288326]

	Average Rewards 80000: [-2756082.0102512813, -2756594.5743217906, -2760613.8267283407, -2754588.073509189, -2767027.128391049, -2758201.0251281406, -2761895.2369046127]
	Deviation 80000: [13958.50840687729, 15806.618143688767, 13111.751060794717, 21226.505792510183, 14835.553673076523, 12787.028624076258, 14554.03665434593]

	Average Rewards 90000: [-2755406.156239582, -2758712.0791199026, -2761534.614957217, -2756178.464273808, -2765923.991554617, -2758795.421713524, -2759906.656295144]
	Deviation 90000: [14324.257726782045, 16597.880661257965, 13204.124218126899, 15713.28626529632, 11582.627048188044, 7839.435101776446, 12433.786422191843]

	Average Rewards 100000: [-2757095.7095709573, -2760651.065106511, -2764446.4446444637, -2758635.863586359, -2765781.5781578156, -2758655.8655865584, -2760201.02010201]
	Deviation 100000: [12378.01444158763, 17737.54622158844, 15070.966277368181, 16354.185678389733, 13076.273210449765, 7834.977776706403, 14307.919704348647]

	Average Rewards 110000: [-2759473.588508046, -2760100.918265297, -2763242.1129193567, -2758973.5430493685, -2764433.130284571, -2758641.694699518]
	Deviation 110000: [13511.041820152546, 15843.87278175996, 13994.936713004428, 17196.080592843882, 13603.360348719103, 5298.040722454939]

	Average Rewards 120000: [-2760159.179931661, -2759667.4722893573, -2761509.2924410366, -2759104.9254104504, -2764063.6719726645, -2757175.597966497]
	Deviation 120000: [14300.437142589186, 15131.967565398934, 13857.373927369985, 12002.663879814882, 12967.490218894513, 6441.024192592486]

	Average Rewards 130000: [-2760577.736748981, -2760508.5006538965, -2761927.8406031234, -2757992.9225325026, -2764397.2613277948, -2758669.897684437]
	Deviation 130000: [12221.669558811498, 12895.064806117849, 13816.81149912035, 12693.669320699566, 8098.15707658807, 5744.295027871945]

	Average Rewards 140000: [-2760750.767911994, -2759189.9421387245, -2760625.758982785, -2758704.1931566545, -2763397.385527537, -2760461.4615329662]
	Deviation 140000: [9300.862529324251, 14095.565408498767, 12887.98891887849, 12239.465352913905, 10877.770115499718, 7449.648624747818]

	Average Rewards 150000: [-2759763.9842656176, -2760357.3571571438, -2759917.327821855, -2758330.555370358, -2764157.6105073676, -2760544.0362690846]
	Deviation 150000: [11741.293815051116, 12724.795995059412, 12285.470701926777, 14217.551588098735, 10303.715595299907, 9013.515092444008]

	Average Rewards 160000: [-2759788.111756985, -2759691.2307019187, -2760741.296331021, -2758656.7910494404, -2764047.752984562, -2760060.0037502344]
	Deviation 160000: [11444.720019774077, 12176.036923205713, 11007.493391574055, 13381.473661683358, 7744.30716251655, 6856.812437346065]

	Average Rewards 170000: [-2760247.661627155, -2759262.309547621, -2760147.655744455, -2758947.5851520677, -2763662.568386376, -2760627.095711513]
	Deviation 170000: [9369.622059049801, 11512.422369473818, 12252.733153445983, 12356.980288674855, 6435.212916308714, 7876.039839315188]

	Average Rewards 180000: [-2758703.2612922937, -2758772.7095949776, -2760642.257903217, -2758681.0378354355, -2764342.463470193, -2758503.2501805658]
	Deviation 180000: [10205.245442136518, 11683.561386971527, 8487.591403795743, 10792.536161403565, 8072.403039136012, 7059.743767758345]

	Average Rewards 190000: [-2759376.8093057526, -2759087.320385284, -2761697.984104427, -2759750.513184904, -2764506.026632981, -2759187.3256487185]
	Deviation 190000: [11639.457678103916, 11001.755003068276, 8743.237165387784, 7765.25240383789, 9976.285509794752, 5876.209629553577]

	Average Rewards 200000: [-2760710.5355267758, -2758287.9143957193, -2761158.057902895, -2760418.0209010453, -2763998.1999099953, -2757947.89739487]
	Deviation 200000: [11417.496084772127, 10733.581447450077, 8915.635067461246, 8326.781092054649, 7596.260275474945, 8600.133489934826]