
SkillTeaching
	Run Time : [225.45611214637756, 409.30220341682434, 2561.281684398651, 3642.331939935684, 4664.270489454269, 5637.146071910858, 6784.246602296829, 7800.384288549423, 8438.307054758072, 9201.956100940704, 9266.72284913063]
	Log Likelihood : [-24.4339512381427, -5.969381767210244, -1.9439431667940255, -1.9439431667940255, -1.9439431667940255, -1.9439431667940255, -0.8981039994673795, -0.8981039994673795, -0.8981039994673795, -0.8981039994673795, -0.8981039994673795]
	Log Likelihood Deviation: [0.5690318459563833, 0.08113381492825335, 0.030688176346793265, 0.030688176346793265, 0.030688176346793265, 0.030688176346793265, 0.01686138579108599, 0.01686138579108599, 0.01686138579108599, 0.01686138579108599, 0.01686138579108599]
	MEU : [-47.1293284254487, -7.898217471735515, -7.607713884467893, -7.607713884467893, -7.607713884467893, -7.607713884467893, -7.180539, -7.180539, -7.180539, -7.180539, -7.180539]
	Nodes : [942, 1693, 22161, 22161, 22161, 22161, 42320, 42320, 42320, 42320, 42320]
	Parameters : [20, 289, 762, 762, 762, 762, 100, 100, 100, 100, 100]
	Layers : [12, 16, 22, 22, 22, 22, 16, 16, 16, 16, 16]
	Average Rewards : [-8.881049093009516, -7.903430713989057, -7.615401349057779, -7.615354433911977, -7.615312457202582, -7.615327272511779, -7.180538999996855, -7.180538999996855, -7.180538999996855, -7.180538999996855, -7.180538999996855]
	Rewards Deviation : [0.018849544402360825, 0.020436354650046187, 0.012473004425871287, 0.011982375848588543, 0.010633262084116472, 0.011750032114791035, 0.0, 0.0, 0.0, 0.0, 0.0]



