
Computer_Diagnostician_v2

	Average Rewards 20000: [-208.18, -208.02624999999998, -208.3, -208.16750000000002, -208.9275, -207.62250000000003, -208.01375]
	Deviation 20000: [1.6070178125957404, 1.2222475455078645, 0.9485515273299604, 1.1005850716777863, 0.9141389391115576, 1.7964965905895798, 1.5417466758517737]

	Average Rewards 40000: [-208.14124999999999, -207.72937499999998, -208.121875, -208.14937500000002, -208.54187500000003, -207.86125, -208.04500000000002]
	Deviation 40000: [1.1097550405382237, 0.7925879781607803, 0.7073953654958482, 0.7922547432013298, 0.9468040402453936, 0.8344524776762334, 0.7067188709097875]

	Average Rewards 60000: [-208.1275, -207.66875, -208.24041666666668, -208.3695833333333, -208.37041666666664, -207.64291666666668, -208.13416666666666]
	Deviation 60000: [0.7241594744560369, 0.5775043590504099, 0.6485776371328973, 0.8777339233946598, 0.754075616050686, 0.618258222077691, 0.5156603102387799]

	Average Rewards 80000: [-208.14968749999997, -207.570625, -208.37718750000005, -208.23562499999997, -208.056875, -207.8125, -208.06937499999998]
	Deviation 80000: [0.5536693119825706, 0.3515845826397918, 0.48047431399217166, 0.5718992481198021, 0.6697346722770166, 0.633851384888447, 0.3217742560786955]

	Average Rewards 100000: [-208.04675000000003, -207.63050000000004, -208.24799999999996, -208.10275000000001, -208.2315, -207.9975, -208.214]
	Deviation 100000: [0.5144779514226019, 0.3582907339019543, 0.5078112346138105, 0.543412193919126, 0.6889667989097827, 0.6454417092193544, 0.42800876159255946]

	Average Rewards 120000: [-208.02312500000002, -207.82375000000002, -208.38958333333335, -208.17145833333333, -208.1516666666667, -208.00416666666666, -208.29187499999998]
	Deviation 120000: [0.5036528459525572, 0.5638296014262153, 0.44170597309371207, 0.4061132782754879, 0.6212804597943011, 0.44278651270486596, 0.4026749210143195]

	Average Rewards 140000: [-208.06482142857143, -207.89375, -208.40410714285713, -208.14017857142852, -208.13017857142853, -208.04267857142858, -208.23000000000002]
	Deviation 140000: [0.4032078403255552, 0.5987695983329095, 0.3928060437546819, 0.5956545715617774, 0.4621092185262465, 0.40780761051491105, 0.4282102644872539]

	Average Rewards 160000: [-207.9671875, -207.96953125, -208.36593749999997, -208.1353125, -208.0521875, -208.04031249999997, -208.2546875]
	Deviation 160000: [0.36707511578013857, 0.48833574695880166, 0.4098606375190216, 0.4279768219848448, 0.6125961340373433, 0.4070483741599411, 0.4327295723803746]

	Average Rewards 180000: [-207.99416666666667, -208.01805555555558, -208.3463888888889, -208.06013888888887, -208.12986111111113, -207.97805555555556, -208.17388888888885]
	Deviation 180000: [0.3715031404084379, 0.5164205656412999, 0.2850128597921699, 0.5303450171269264, 0.49410695801292615, 0.3721723639908211, 0.4072495064377933]

	Average Rewards 200000: [-207.96875, -207.99949999999998, -208.3295, -208.07274999999998, -208.1805, -207.94287500000002, -208.1705]
	Deviation 200000: [0.3092076567616021, 0.47263595927520774, 0.3809253535799379, 0.3827918820978293, 0.5898962302812254, 0.43405286616378963, 0.36963546231388694]