
HIV_Screening

	Average Rewards 10000: [42.54881581581523, 42.46872472472412, 42.5248898898893, 42.56890690690631, 42.58478678678618, 42.59354754754697, 42.67570070070009, 42.4497907907902, 42.560244244243655, 42.51787487487428, 42.442922922922335]
	Deviation 10000: [0.2530300875135928, 0.31353875227121997, 0.2817025347504713, 0.1625764203992947, 0.2265714983157665, 0.21812403948006162, 0.22290710907453934, 0.19025892427708535, 0.3713774912737734, 0.253617682381761, 0.25984644914657534]

	Average Rewards 20000: [42.59500700350013, 42.56855477738709, 42.60815457728703, 42.61204102050863, 42.538776388192474, 42.560151575786286, 42.63705702851265, 42.54273336668173, 42.48388344171925, 42.551715357677224, 42.50511605802741]
	Deviation 20000: [0.12818011990106282, 0.22454085925520856, 0.18996399483849788, 0.12644136741009815, 0.2037018795153971, 0.13815911551346774, 0.1162011627729963, 0.16071997278783395, 0.24021091700746872, 0.15484510638043716, 0.1339087467076063]

	Average Rewards 30000: [42.58676058686037, 42.57236778926118, 42.61726075358261, 42.570756585526595, 42.54617939312914, 42.57829743247557, 42.59116805601677, 42.5139856618854, 42.52469589863097, 42.575112037343864, 42.60805835278233]
	Deviation 30000: [0.07694590999361887, 0.17423045310974183, 0.17952303362397762, 0.1044445817882415, 0.19634497340596105, 0.13918338426482607, 0.1389635493287221, 0.10357095480344859, 0.17405708529698183, 0.10385085230546694, 0.15877008608341278]

	Average Rewards 40000: [42.60322030507419, 42.56395048761985, 42.60912278069311, 42.614921730430545, 42.54554313578189, 42.60209352337879, 42.62739284820998, 42.53387671917777, 42.53277094273363, 42.56227631907772, 42.575879719927926]
	Deviation 40000: [0.07878465170153579, 0.1606528290947879, 0.1279404615926991, 0.11341378319647112, 0.13113605979900356, 0.10337107477528372, 0.09631901017594088, 0.1215373454694961, 0.15887970658163997, 0.10662107750296841, 0.1724974230157247]

	Average Rewards 50000: [42.5934816963371, 42.54339807961377, 42.623153430684, 42.599471094216696, 42.52587957591304, 42.603315663130466, 42.59419083816548, 42.519760352068275, 42.519105421082074, 42.574307061410146, 42.56692498499485]
	Deviation 50000: [0.06413193997668229, 0.09057465317299274, 0.07360042450198598, 0.13489253343660834, 0.11748331266375821, 0.09864585251416644, 0.12311460825918095, 0.08755489292616656, 0.10526532398838045, 0.10949891129223126, 0.14259747571996342]

	Average Rewards 60000: [42.57729271545035, 42.555296049339354, 42.596578596430525, 42.59233305550705, 42.54366761126634, 42.5763413902295, 42.587142190362854, 42.54009351558375, 42.5348804800778, 42.59904584097129, 42.55444674112131]
	Deviation 60000: [0.06196060486947591, 0.09489155656950028, 0.1341093336423595, 0.09779641330921232, 0.12338191211837951, 0.11743091169020009, 0.09527469425517393, 0.08587971244933962, 0.11632876316443497, 0.09935484841148774, 0.13914264449849884]

	Average Rewards 70000: [42.560173310473644, 42.57342006000931, 42.59137762537584, 42.588076296614545, 42.556272896128746, 42.565781111588095, 42.59069867123951, 42.56184569224247, 42.528251464495646, 42.59227675382272, 42.56098042577584]
	Deviation 70000: [0.07028038897725794, 0.09092576714625591, 0.10958418776958785, 0.10350169037470229, 0.10652747235294176, 0.10895573913650168, 0.09329525166210738, 0.08696805922224056, 0.09856591187533527, 0.0981599816644659, 0.11093983458829189]

	Average Rewards 80000: [42.54750556319883, 42.58316589574041, 42.59362507813823, 42.5801133891771, 42.5600551318949, 42.56156132016845, 42.57866695837323, 42.5711542692871, 42.536631828982046, 42.61242717840075, 42.555160270037184]
	Deviation 80000: [0.070290187033707, 0.09842413276032, 0.09680540334768187, 0.08770723747047454, 0.11321468608316476, 0.10453683372048152, 0.10210224284115008, 0.0858488594746292, 0.07990510509980485, 0.06979328437818984, 0.11448176234383248]

	Average Rewards 90000: [42.55155472830869, 42.600242249144344, 42.57781909101568, 42.59325180576176, 42.55992688077005, 42.565303811540126, 42.576245805094985, 42.578978997671946, 42.549844871657946, 42.59613323703188, 42.529920213362566]
	Deviation 90000: [0.06960742749104791, 0.10338672608544534, 0.0628861608650074, 0.10621573250704117, 0.10805494158800084, 0.09226014426430507, 0.08121493919640153, 0.08613016320048768, 0.06421280287845076, 0.07892490396221429, 0.11509108788441154]

	Average Rewards 100000: [42.55673977398462, 42.59540274028123, 42.58631383139035, 42.60065686569381, 42.5436068606933, 42.57085758576583, 42.57216411641887, 42.57899549955719, 42.55807830783802, 42.59160776078332, 42.538003800387244]
	Deviation 100000: [0.06592580292671721, 0.08701434113385247, 0.08092156746936792, 0.08131891521801032, 0.07418643079515996, 0.06412740819200871, 0.08011606684018718, 0.08421381398334042, 0.07510767191649412, 0.08655070175760876, 0.11992352163774982]

	Average Rewards 110000: [42.55431530139964, 42.588761796535564, 42.588092190207725, 42.59927520684562, 42.54114428585278, 42.576253113928054, 42.56676061460992, 42.576001454686306, 42.559888989916786, 42.58358968998043, 42.53271242841115]
	Deviation 110000: [0.05405111385972889, 0.07006762371620358, 0.08199060803690804, 0.05988707877426192, 0.08143996174308901, 0.08309968837306986, 0.05858767916076798, 0.06311907574992966, 0.09174295078968081, 0.06526931583893592, 0.09510565049063147]

	Average Rewards 120000: [42.55580440037643, 42.57608025669781, 42.5854664555477, 42.59599833320418, 42.55213059422594, 42.56371089258414, 42.555218184858475, 42.5754279523391, 42.5592173514557, 42.578128427378715, 42.53435419619275]
	Deviation 120000: [0.06272113457737814, 0.07716263711893122, 0.09099798211980376, 0.047547201068142385, 0.08232911230294693, 0.08911156585320902, 0.07628721865222712, 0.06955503926677137, 0.0837468726383295, 0.08626302525759515, 0.08196020479440223]

	Average Rewards 130000: [42.54719478422187, 42.57391491653972, 42.57886560505419, 42.59082821756285, 42.54562727902922, 42.559052465581956, 42.55160904685747, 42.57212724056465, 42.56553319486884, 42.57097569044538, 42.54617662897917]
	Deviation 130000: [0.04967025778084109, 0.10023786532407476, 0.07719885930738489, 0.04595652604216509, 0.09469602291705677, 0.06235600829807847, 0.06680744815740512, 0.06226969858128317, 0.06506328143916487, 0.06781006867001212, 0.09295201635038264]

	Average Rewards 140000: [42.560436316884406, 42.57452353740014, 42.57057482677796, 42.58709857847451, 42.5536575469723, 42.56146289021105, 42.542252660909, 42.57172962354914, 42.565419529971024, 42.56992928066753, 42.54741952997107]
	Deviation 140000: [0.06178712223476532, 0.0632481748784563, 0.07638161610213698, 0.0561285251102712, 0.06997305863789265, 0.07530664063459648, 0.08395954115174174, 0.06204721188510363, 0.060065972566772825, 0.06405092514606286, 0.08709962740605712]

	Average Rewards 150000: [42.568392759519256, 42.572146076407066, 42.56787645843252, 42.58515214347817, 42.568935395695014, 42.570384758985945, 42.543767184480906, 42.57629468631436, 42.559967331157395, 42.564196879793926, 42.545972598175176]
	Deviation 150000: [0.05991086513157515, 0.07535463620582347, 0.06519108320067761, 0.06973205017626607, 0.09664008395849844, 0.057374382116329975, 0.06389558055646473, 0.048105735900247464, 0.04809868291315504, 0.05313322203265344, 0.08435295778958805]