
Navigation
	Run Time : [283.31241512298584, 783.5959687232971, 846.5336625576019, 789.5973365306854, 1084.5150356292725, 1327.8394014835358, 1308.8737914562225, 1525.1038265228271, 1769.5259737968445, 1913.9400238990784, 2042.3172421455383]
	Log Likelihood : [-4.116424278933279, -2.113518334819445, -1.4393207685426315, -1.4393207685426315, -1.4393207685426315, -1.4393207685426315, -0.25974613589634254, -0.25974613589634254, -0.25974613589634254, -0.25974613589634254, -0.25974613589634254]
	Log Likelihood Deviation: [0.07563352462533411, 0.06690529782580432, 0.036895127955141944, 0.036895127955141944, 0.036895127955141944, 0.036895127955141944, 0.023240346211611484, 0.023240346211611484, 0.023240346211611484, 0.023240346211611484, 0.023240346211611484]
	MEU : [-4.884400462053216, -4.880978572368808, -4.690673447301574, -4.690673447301574, -4.690673447301574, -4.690673447301574, -4.049331963001028, -4.049331963001028, -4.049331963001028, -4.049331963001028, -4.049331963001028]
	Nodes : [893, 4578, 12681, 12681, 12675, 12675, 17426, 17426, 17426, 17426, 17426]
	Edges : [792, 4163, 11285, 11285, 11279, 11279, 15274, 15274, 15274, 15274, 15274]
	Layers : [16, 24, 22, 22, 22, 22, 16, 16, 16, 16, 16]
	Average Rewards : [-4.881494, -4.881812, -4.689838, -4.69063, -4.6897780000000004, -4.689528, -4.0469040000000005, -4.046886000000001, -4.046892000000001, -4.046894, -4.046902]
	Rewards Deviation : [0.004216973322182583, 0.004378248051447002, 0.006353601813145103, 0.0055104264807726115, 0.005362426316510139, 0.005863362175407503, 0.004908358585107683, 0.004789394951348204, 0.0046735998972955274, 0.004936442443703807, 0.00508500698131278]



