
LungCancer_Staging

	Average Rewards 50000: [3.111025999999991, 3.1117139999999917, 3.117662999999991, 3.11945899999999, 2.2368240000000323, 3.111042999999991, 2.235470400000032, 3.1029369999999927, 3.097692999999993]
	Deviation 50000: [0.028360933940896536, 0.03705245746235731, 0.033681152088369005, 0.03604681877780364, 0.009068920112119063, 0.0274496379939682, 0.010592414070455337, 0.03721922562332406, 0.034734188863421986]

	Average Rewards 100000: [3.1086740000000117, 3.1109710000000104, 3.1176325000000147, 3.1211050000000156, 2.2364604000000696, 3.1154995000000123, 2.236999200000069, 3.109311500000013, 3.1087765000000114]
	Deviation 100000: [0.02074910176369258, 0.018256661017286287, 0.021233998681363036, 0.024364489272301754, 0.007108659215349551, 0.022470366174146238, 0.007329602946951886, 0.020354528341380296, 0.023888676794668856]

	Average Rewards 150000: [3.1142323333333626, 3.11664500000003, 3.115605000000027, 3.1190976666666974, 2.2371847999998313, 3.113920666666694, 2.237279999999831, 3.1067526666666936, 3.1130633333333595]
	Deviation 150000: [0.018260426598404544, 0.019602027531189684, 0.013957810636982397, 0.021073147410340918, 0.005662641871069155, 0.015452584127656762, 0.005206371481174818, 0.020167160836924814, 0.018542974560615575]

	Average Rewards 200000: [3.1129680000000355, 3.1139197500000346, 3.115718500000038, 3.1189097500000376, 2.237415599999713, 3.113394500000035, 2.238197399999712, 3.1075767500000353, 3.112949250000035]
	Deviation 200000: [0.018035298230141807, 0.01656361446062204, 0.012567736654827282, 0.019251385670911086, 0.0041676413761259565, 0.013869780698521083, 0.0038120703351329837, 0.014295681004244795, 0.01844591810537439]

	Average Rewards 250000: [3.112256000000038, 3.111962600000038, 3.115626200000041, 3.1153678000000404, 2.2374335999996413, 3.1129120000000374, 2.2378886399996407, 3.1088100000000383, 3.11349340000004]
	Deviation 250000: [0.016251337852625534, 0.014953123628197479, 0.011147102877433984, 0.015409584230606324, 0.004059802714418344, 0.010932814001896779, 0.003556575733820346, 0.012333204530862493, 0.015723361264058714]

	Average Rewards 300000: [3.1109608333333396, 3.111485000000006, 3.1146988333333407, 3.114656666666672, 2.2373311999995935, 3.1125796666666745, 2.2384983999995933, 3.11084783333334, 3.1139606666666784]
	Deviation 300000: [0.013660669212500483, 0.014404402828068428, 0.0135645118845671, 0.013552736039882118, 0.0041216465835875096, 0.010569289522006095, 0.0036434705213571894, 0.012392555119460344, 0.012991580023231832]

	Average Rewards 350000: [3.1114178571428313, 3.113242857142836, 3.114521142857114, 3.113235142857123, 2.2379245714281306, 3.1104021428571156, 2.2385033142852735, 3.111278285714256, 3.1139292857142595]
	Deviation 350000: [0.012785912727907607, 0.01414124897061208, 0.011901670604734526, 0.01316942821345757, 0.0036860507487615573, 0.012498700544693675, 0.0036335744748785107, 0.008766185142875006, 0.012021670144417816]

	Average Rewards 400000: [3.1105317499999465, 3.1136413749999514, 3.1122067499999453, 3.1126888749999453, 2.2379330999996743, 3.1116887499999475, 2.238652799999677, 3.111511499999948, 3.112518749999948]
	Deviation 400000: [0.011280424577828836, 0.012628516350650237, 0.012007647324977918, 0.013297799691109552, 0.003245186765042912, 0.012137419026499832, 0.0032882897773769434, 0.010246280411989722, 0.011606898002908383]

	Average Rewards 450000: [3.110464111111036, 3.1132811111110343, 3.1117506666666004, 3.1119015555554848, 2.2381365333331558, 3.1115193333332645, 2.237665066666489, 3.113086666666593, 3.113110555555485]
	Deviation 450000: [0.009830454315507274, 0.01056436401478662, 0.011415485077532405, 0.010219863860796515, 0.002954272007336158, 0.010947265752535148, 0.004444181526445562, 0.00915005933326995, 0.011767534618074324]

	Average Rewards 500000: [3.1099615999999135, 3.1136756999999124, 3.1107376999999135, 3.1121212999999157, 2.2380904799999444, 3.1126488999999116, 2.2373071199999446, 3.113487999999911, 3.113046999999915]
	Deviation 500000: [0.01051698171719755, 0.010093410437501515, 0.010439519048304181, 0.010326682262946578, 0.003469366617928869, 0.009173118501352159, 0.003895339783072674, 0.008107931302124362, 0.010591440435553745]