
Elevators
	Run Time : [327.1808488368988, 636.0408430099487, 870.4875657558441, 1172.647943496704, 1519.0764553546906, 1832.9060463905334, 1609.38512134552, 1908.6001682281494, 2125.861831665039, 2320.9029471874237, 2454.132642507553]
	Log Likelihood : [-11.0213121734923, -3.7392398052667524, -2.1037142724662656, -2.1037142724662656, -2.1037142724662656, -2.1037142724662656, 0.0, 0.0, 0.0, 0.0, 0.0]
	Log Likelihood Deviation: [0.4444728388753889, 0.03124084112145034, 0.022367584661149843, 0.022367584661149843, 0.022367584661149843, 0.022367584661149843, 0.0, 0.0, 0.0, 0.0, 0.0]
	MEU : [-6.0, -5.796256228339981, -4.026820033992085, -4.026820033992085, -4.026820033992085, -4.026820033992085, 0.5, 0.5, 0.5, 0.5, 0.5]
	Nodes : [1555, 14722, 31692, 31692, 31692, 31692, 38227, 38227, 38227, 38227, 38227]
	Edges : [1428, 13201, 27758, 27758, 27758, 27758, 32766, 32766, 32766, 32766, 32766]
	Layers : [16, 26, 24, 24, 24, 24, 14, 14, 14, 14, 14]
	Average Rewards : [-6.0, -5.812123499999999, -4.057887999999999, -4.0630435, -4.06226, -4.0573865, 0.5, 0.5, 0.5, 0.5, 0.5]
	Rewards Deviation : [0.0, 0.0028699331873755923, 0.02139580989352825, 0.021172766151355882, 0.01866014871323378, 0.015981661725240043, 0.0, 0.0, 0.0, 0.0, 0.0]



