
Powerplant_Airpollution

	Average Rewards 50000: [-2746210.0, -2765480.0, -2769540.0, -2764260.0, -2761820.0, -2755860.0]
	Deviation 50000: [24240.32590539987, 29929.827931346346, 25240.51108832783, 28802.99290004426, 21915.122632556726, 21643.599515792193]

	Average Rewards 100000: [-2755290.0, -2765590.0, -2764540.0, -2761275.0, -2757580.0, -2759385.0]
	Deviation 100000: [19862.046722329498, 18595.749514337946, 16590.310425064385, 17886.517268602067, 18573.767792238603, 18540.19012847495]

	Average Rewards 150000: [-2757476.666666666, -2764303.333333334, -2763346.666666666, -2760993.333333334, -2758610.0, -2762936.666666667]
	Deviation 150000: [16717.97967591914, 13857.686996352924, 12726.801989851492, 13265.597109314978, 14509.014822210083, 16563.13309062562]

	Average Rewards 200000: [-2756432.5, -2763300.0, -2762952.5, -2761532.5, -2758072.5, -2764612.5]
	Deviation 200000: [12746.603959486622, 13619.16159313781, 11196.738922561337, 11524.147473891508, 13172.280079773585, 15615.056836271842]

	Average Rewards 250000: [-2754818.0, -2761762.0, -2762934.0, -2759668.0, -2759588.0, -2762332.0]
	Deviation 250000: [13596.954659040384, 13613.311720518266, 11199.292120486902, 9395.89144254019, 9362.961924519399, 13924.60326185274]

	Average Rewards 300000: [-2756603.333333333, -2762226.666666667, -2763031.666666666, -2759571.666666667, -2759868.333333333, -2760355.0]
	Deviation 300000: [14181.88457152292, 8590.248670569554, 10776.873902533662, 10117.926335634844, 9632.588494849742, 13014.239637156386]

	Average Rewards 350000: [-2756461.4285714286, -2762222.8571428573, -2762675.714285714, -2758217.142857143, -2760324.285714286, -2759852.8571428573]
	Deviation 350000: [13600.772487064774, 10073.375090518883, 10139.631881576288, 9265.675741076599, 8412.290085927567, 12327.165620891914]

	Average Rewards 400000: [-2757592.5, -2762271.25, -2761797.5, -2758105.0, -2760245.0, -2761157.5]
	Deviation 400000: [12330.72090856816, 7255.938946821424, 8513.808269511359, 8590.896708144033, 9838.130062415317, 12070.46524579728]

	Average Rewards 450000: [-2758320.0, -2761043.333333334, -2762248.888888889, -2758630.0, -2760227.777777778, -2761222.222222222]
	Deviation 450000: [11940.425990705122, 9608.940281494793, 8252.446251615484, 7717.351461495518, 6791.016215160157, 9654.369572988775]

	Average Rewards 500000: [-2758636.0, -2761890.0, -2762057.0, -2759453.0, -2760520.0, -2761242.0]
	Deviation 500000: [10648.50947316102, 8165.065829495804, 7516.616659109336, 7736.786542227981, 7255.656414136491, 10821.159180050907]