
LungCancer_Staging

	Average Rewards 10000: [3.1136899999999974, 3.1191649999999953, 3.1413199999999994, 3.146304999999998, 3.129636999999997, 3.162064999999997, 3.130614999999996, 3.1582649999999943, 3.1723449999999977]
	Deviation 10000: [0.03146229330484247, 0.04397853482097647, 0.04035461064116329, 0.040072792827552106, 0.04607081268004591, 0.05076198405302791, 0.04382859825501715, 0.038393964694986585, 0.050806374846074503]

	Average Rewards 20000: [3.115362499999992, 3.11608749999999, 3.159409999999992, 3.145717499999993, 3.129472499999992, 3.154544999999991, 3.137074999999993, 3.1560424999999914, 3.1670249999999918]
	Deviation 20000: [0.02778994028870755, 0.037359306487805645, 0.031805599349796584, 0.02627345868457236, 0.027215208914316537, 0.02277514763947489, 0.022887742352618753, 0.025143582804561936, 0.033180792636701366]

	Average Rewards 30000: [3.1164299999999985, 3.108888333333334, 3.1598949999999997, 3.1464783333333317, 3.1256463333333295, 3.1511350000000005, 3.1437333333333326, 3.147388333333333, 3.1601083333333326]
	Deviation 30000: [0.02091266734674691, 0.023987768931962722, 0.026412430838107286, 0.023157225954093516, 0.015534835081196777, 0.02237718387852398, 0.022546077510536895, 0.021816244011692642, 0.026829995910470715]

	Average Rewards 40000: [3.1142912500000115, 3.103711250000012, 3.160621250000011, 3.145345000000014, 3.116858250000012, 3.15055875000001, 3.1381837500000045, 3.142362500000011, 3.157081250000014]
	Deviation 40000: [0.017971096629382864, 0.023620193591764403, 0.021099893401691484, 0.017130280390296265, 0.022487615787645607, 0.01447617552437662, 0.02317852322868615, 0.0186039192779369, 0.020369397427579563]

	Average Rewards 50000: [3.114438000000021, 3.104418000000019, 3.1613910000000223, 3.140265000000015, 3.1165100000000194, 3.1522460000000185, 3.139498000000017, 3.14469100000002, 3.1517930000000183]
	Deviation 50000: [0.011726988360190876, 0.015916981372111127, 0.017901919701534614, 0.018423512830079813, 0.016894090422397947, 0.008058858728132865, 0.019417725304478415, 0.0200510261333462, 0.020092051687178376]

	Average Rewards 60000: [3.1141325000000277, 3.1031250000000274, 3.1565966666666943, 3.140183333333353, 3.116801666666688, 3.1530808333333566, 3.138841666666686, 3.14087500000002, 3.1535475000000295]
	Deviation 60000: [0.011863519860152947, 0.014170184367189906, 0.01965603144641329, 0.014714006460212497, 0.02198721881256181, 0.01652443100802928, 0.01719295155968032, 0.020529764638478297, 0.01777097823310158]

	Average Rewards 70000: [3.1166478571428904, 3.1048200000000277, 3.152218571428599, 3.1379857142857395, 3.113409714285737, 3.150355000000029, 3.1407721428571675, 3.1419378571428807, 3.1505742857143137]
	Deviation 70000: [0.010159491917435525, 0.016804943636093625, 0.019849383427433743, 0.014494132873517855, 0.022244550681472883, 0.01458226874443082, 0.016102671679079097, 0.017560140988349297, 0.017537542296347842]

	Average Rewards 80000: [3.116178750000034, 3.103413125000029, 3.1540512500000326, 3.135566875000026, 3.1164733750000266, 3.151356875000032, 3.1388112500000256, 3.142314375000029, 3.1467256250000304]
	Deviation 80000: [0.008032896329314991, 0.01738120627691494, 0.02152372941953269, 0.015749315721746284, 0.021219700244193004, 0.01246198984977041, 0.01585440194197566, 0.011831850238998099, 0.018176585309565042]

	Average Rewards 90000: [3.1150222222222594, 3.1030816666667, 3.1539833333333656, 3.136317222222249, 3.1154904444444713, 3.1471144444444747, 3.141205000000027, 3.1418061111111384, 3.1475272222222537]
	Deviation 90000: [0.00606988162676971, 0.014626870894371223, 0.019168967494756873, 0.012069730644862523, 0.01719341975909919, 0.018658006622125682, 0.01768313635699344, 0.012914249582693027, 0.015398380636767359]

	Average Rewards 100000: [3.1137350000000383, 3.1029890000000337, 3.1517010000000356, 3.137447000000028, 3.11465960000003, 3.147507500000032, 3.1394695000000286, 3.14171950000003, 3.147840500000031]
	Deviation 100000: [0.007707402934844196, 0.009756395287198339, 0.016810515280626482, 0.011053516906398705, 0.014697501319616628, 0.01393826392525781, 0.013498126805230798, 0.011757161317686437, 0.01536595237042552]

	Average Rewards 110000: [3.1125786363636694, 3.101614545454568, 3.1516468181818396, 3.1370322727272937, 3.113437272727291, 3.144877727272749, 3.1398113636363796, 3.141551363636391, 3.147944090909114]
	Deviation 110000: [0.00870041512498851, 0.013278725730459783, 0.015897927908282893, 0.009597270714392819, 0.020229832148596832, 0.012214693334852509, 0.013764566326516575, 0.010900048155555698, 0.012772805248873502]

	Average Rewards 120000: [3.114485416666679, 3.1033387500000087, 3.149435000000005, 3.13551791666667, 3.11373525, 3.145836666666672, 3.1383591666666737, 3.1406550000000064, 3.146734583333335]
	Deviation 120000: [0.008719423211765815, 0.01330912568737687, 0.018766789446016188, 0.012151318094074309, 0.01278270674827829, 0.013813641330420264, 0.009581618469757204, 0.010037362978172792, 0.014047705928025065]

	Average Rewards 130000: [3.1142157692307584, 3.1046976923076848, 3.148504615384607, 3.1371157692307596, 3.1178444615384504, 3.1452399999999914, 3.136648461538451, 3.141373076923063, 3.143173461538454]
	Deviation 130000: [0.008059773634260145, 0.011990279618315492, 0.013112982049287226, 0.008454974455744144, 0.015956154520335802, 0.009479291225088496, 0.012669062536829236, 0.006771535446832857, 0.018982182119491587]

	Average Rewards 140000: [3.1140353571428276, 3.105327499999979, 3.1471439285714036, 3.1371664285714025, 3.117603428571402, 3.146156428571402, 3.1348035714285496, 3.1428067857142676, 3.143104642857115]
	Deviation 140000: [0.008382743975338619, 0.010229089553164854, 0.016104322373420646, 0.008249532021349147, 0.016619260736518083, 0.01314020807929877, 0.012617959342111414, 0.010719819100903328, 0.013784610064027876]

	Average Rewards 150000: [3.1128786666666297, 3.1040246666666294, 3.1482779999999684, 3.137431666666637, 3.1177577333333053, 3.1454343333333026, 3.1360239999999706, 3.141154999999969, 3.142727999999964]
	Deviation 150000: [0.010015208568298878, 0.008963710565999632, 0.011662910843069052, 0.01028732253795217, 0.01374125250703832, 0.008594174907063958, 0.01174341468416681, 0.011551921172580389, 0.01724349031437766]