
Navigation
	Run Time : [283.31241512298584, 783.5959687232971, 846.5336625576019, 789.5973365306854, 1084.5150356292725, 1327.8394014835358, 1308.8737914562225, 1525.1038265228271, 1769.5259737968445, 1913.9400238990784, 2042.3172421455383]
	Log Likelihood : [-4.116424278933279, -2.113518334819445, -1.4393207685426315, -1.4393207685426315, -1.4393207685426315, -1.4393207685426315, -0.25974613589634254, -0.25974613589634254, -0.25974613589634254, -0.25974613589634254, -0.25974613589634254]
	Log Likelihood Deviation: [0.07563352462533411, 0.06690529782580432, 0.036895127955141944, 0.036895127955141944, 0.036895127955141944, 0.036895127955141944, 0.023240346211611484, 0.023240346211611484, 0.023240346211611484, 0.023240346211611484, 0.023240346211611484]
	MEU : [-4.884400462053216, -4.880978572368808, -4.690673447301574, -4.690673447301574, -4.690673447301574, -4.690673447301574, -4.049331963001028, -4.049331963001028, -4.049331963001028, -4.049331963001028, -4.049331963001028]
	Nodes : [893, 4578, 12681, 12681, 12675, 12675, 17426, 17426, 17426, 17426, 17426]
	Edges : [792, 4163, 11285, 11285, 11279, 11279, 15274, 15274, 15274, 15274, 15274]
	Layers : [16, 24, 22, 22, 22, 22, 16, 16, 16, 16, 16]
	Average Rewards : [-4.880496000000001, -4.881598, -4.689165999999999, -4.690474, -4.690265999999999, -4.689078, -4.046906, -4.046907999999999, -4.046896, -4.0468839999999995, -4.046886]
	Rewards Deviation : [0.0043059242910204985, 0.004628292989861302, 0.006506269591709228, 0.006347442319548943, 0.0061992051103347025, 0.006471399848564565, 0.005120103905195603, 0.0047167717773917315, 0.004822839827321644, 0.005074085533374448, 0.005132046765180535]



