
Elevators
	Run Time : [327.1808488368988, 636.0408430099487, 870.4875657558441, 1172.647943496704, 1519.0764553546906, 1832.9060463905334, 1609.38512134552, 1908.6001682281494, 2125.861831665039, 2320.9029471874237, 2454.132642507553]
	Log Likelihood : [-11.0213121734923, -3.7392398052667524, -2.1037142724662656, -2.1037142724662656, -2.1037142724662656, -2.1037142724662656, 0.0, 0.0, 0.0, 0.0, 0.0]
	Log Likelihood Deviation: [0.4444728388753889, 0.03124084112145034, 0.022367584661149843, 0.022367584661149843, 0.022367584661149843, 0.022367584661149843, 0.0, 0.0, 0.0, 0.0, 0.0]
	MEU : [-6.0, -5.796256228339981, -4.026820033992085, -4.026820033992085, -4.026820033992085, -4.026820033992085, 0.5, 0.5, 0.5, 0.5, 0.5]
	Nodes : [1555, 14722, 31692, 31692, 31692, 31692, 38227, 38227, 38227, 38227, 38227]
	Edges : [1428, 13201, 27758, 27758, 27758, 27758, 32766, 32766, 32766, 32766, 32766]
	Layers : [16, 26, 24, 24, 24, 24, 14, 14, 14, 14, 14]
	Average Rewards : [-6.21726, -5.8122465, -4.059088999999999, -4.062476, -4.0628895, -4.0673205, 0.5, 0.5, 0.5, 0.5, 0.5]
	Rewards Deviation : [0.006683177575076085, 0.0016536532284611664, 0.015717646261447667, 0.015829197673918907, 0.017818438722289928, 0.01846434770036568, 0.0, 0.0, 0.0, 0.0, 0.0]



