
CrossingTraffic
	Run Time : [273.6596667766571, 2998.2903044223785, 2402.158529281616, 9973.869557619095, 12207.940668344498, 14397.18154501915, 14421.774231672287, 15663.243483304977, 16730.223236083984, 17200.203322172165, 17755.141674518585]
	Log Likelihood : [-18.207073210453355, -6.916125229487657, -8.276427809509395, -4.288879929509539, -4.288879929509539, -4.288879929509539, -3.0386144623173807, -3.0386144623173807, -3.0386144623173807, -3.0386144623173807, -3.0386144623173807]
	Log Likelihood Deviation: [0.28872423214851506, 0.05175015174657449, 0.036820542664803176, 0.02337240315391185, 0.02337240315391185, 0.02337240315391185, 0.015015841271669514, 0.015015841271669514, 0.015015841271669514, 0.015015841271669514, 0.015015841271669514]
	MEU : [-5.0, -4.616392555275525, -4.425137515746642, -4.352325246892821, -4.352325246892821, -4.352325246892821, -4.0, -4.0, -4.0, -4.0, -4.0]
	Nodes : [1706, 67203, 20584, 193392, 193392, 193392, 273206, 273206, 273206, 273206, 273206]
	Edges : [1611, 63616, 19254, 181131, 181131, 181131, 254527, 254527, 254527, 254527, 254527]
	Layers : [18, 30, 26, 30, 30, 30, 20, 20, 20, 20, 20]
	Average Rewards : [-4.98125, -4.956464, -4.824762, -4.825008, -4.824528, -4.825576000000001, -4.0, -4.0, -4.0, -4.0, -4.0]
	Rewards Deviation : [0.0009359487165437972, 0.0013505939434190323, 0.002196009107449283, 0.003039627608770547, 0.0028408829613343406, 0.002698189022288831, 0.0, 0.0, 0.0, 0.0, 0.0]



