
HIV_Screening

	Average Rewards 20000: [42.57027549999837, 42.5018134999984, 42.50006999999838, 42.59788099999839, 42.64980499999838, 42.568192999998395, 42.51428399999838, 42.544202999998376]
	Deviation 20000: [0.1735452534419754, 0.2385621333536467, 0.14475057595738955, 0.2221773714490069, 0.1268244000971351, 0.13198419900123523, 0.1548621624994044, 0.16294134638267596]

	Average Rewards 40000: [42.60111349999792, 42.57445149999794, 42.50109424999795, 42.64451849999794, 42.58031799999794, 42.57643224999795, 42.54849349999792, 42.59339324999793]
	Deviation 40000: [0.11494169351347895, 0.15506652266928714, 0.07790873243777591, 0.13683321127925785, 0.12647608302953417, 0.11954735503895615, 0.11506090809434182, 0.12661764164231287]

	Average Rewards 60000: [42.586482166664446, 42.56746933333113, 42.507524333331126, 42.620986499997784, 42.56487066666444, 42.569878666664465, 42.51638149999779, 42.58410583333112]
	Deviation 60000: [0.10643985849883612, 0.12275320126214917, 0.10332723329896022, 0.09853927170717229, 0.09933898293831431, 0.0521496012597802, 0.07355343072082061, 0.11949260008061023]

	Average Rewards 80000: [42.556556500003424, 42.57113062500345, 42.51816587500341, 42.60894262500345, 42.541940625003434, 42.58480175000345, 42.525429250003455, 42.58710675000343]
	Deviation 80000: [0.13868675053859483, 0.10780297251131132, 0.06907428348809815, 0.09038281104120886, 0.08929112421641834, 0.07273406605619342, 0.08958194858830522, 0.06945223371859327]

	Average Rewards 100000: [42.56505410000723, 42.55587970000722, 42.51534350000721, 42.60099660000725, 42.55208450000723, 42.564487300007215, 42.533978800007205, 42.573494000007244]
	Deviation 100000: [0.09901686356828544, 0.08753052722689364, 0.06775432046040104, 0.06678005022793014, 0.09568228240618715, 0.08222769462911356, 0.06791223502554941, 0.07857253355216944]

	Average Rewards 120000: [42.55329750000975, 42.56922366667641, 42.53252458334307, 42.578974500009764, 42.56003033334308, 42.574235916676436, 42.52874475000976, 42.574810416676414]
	Deviation 120000: [0.11946659547992948, 0.06904282492110295, 0.05862325618737518, 0.09949389662833345, 0.07888758739517984, 0.07015445622626057, 0.05327683280526939, 0.0699028188871663]

	Average Rewards 140000: [42.54556135714751, 42.56307035714748, 42.54358364286177, 42.58167757143319, 42.55467735714751, 42.58868578571888, 42.53320600000467, 42.5788822857189]
	Deviation 140000: [0.08361556827038952, 0.08500595546551297, 0.05781425036744771, 0.09141003727491205, 0.07132915712756602, 0.07577012838948388, 0.06874579190767346, 0.06566412831619123]

	Average Rewards 160000: [42.56366424999963, 42.56454199999965, 42.542904874999664, 42.58964074999961, 42.56015781249964, 42.590764812499614, 42.54874606249967, 42.582437187499615]
	Deviation 160000: [0.08385683634488009, 0.08550832793035383, 0.04208498832885243, 0.09195839473841794, 0.06602877390481887, 0.06271964402014696, 0.05234173782102584, 0.06684656754943193]

	Average Rewards 180000: [42.5595775555513, 42.54971711110684, 42.54544266666245, 42.5733739444402, 42.55822955555131, 42.587491611106834, 42.5584884444402, 42.59071399999574]
	Deviation 180000: [0.07680444856469883, 0.08838389516573039, 0.05200618309910578, 0.07936793514369377, 0.0641489564182286, 0.05388813688902018, 0.051038242382347776, 0.07523942724081897]

	Average Rewards 200000: [42.562524549992624, 42.55287844999263, 42.54581099999267, 42.561943449992675, 42.56362574999264, 42.584697149992635, 42.55396179999267, 42.58520029999262]
	Deviation 200000: [0.06509487203249313, 0.0627969346773284, 0.04032681971835873, 0.07739130411335579, 0.05208068393141675, 0.04965506775594948, 0.059018020264230066, 0.042773393625713904]