
Computer_Diagnostician_v2

	Average Rewards 50000: [-208.07449999999997, -208.2475, -207.74450000000004, -208.33800000000002, -207.8095, -208.15550000000002, -207.976]
	Deviation 50000: [1.271364817823741, 1.0421132376090405, 1.2423369108257214, 1.211571706503582, 1.1287397840069247, 1.2450857400195376, 1.4149510592243129]

	Average Rewards 100000: [-208.15399999999997, -208.13549999999998, -207.88, -208.07625, -207.74725, -208.2285, -208.0735]
	Deviation 100000: [0.9601430232001903, 0.6144604340394912, 0.9227794292245556, 0.8408199123474628, 0.8737385192378793, 0.8270751930749702, 0.9852605619834786]

	Average Rewards 150000: [-208.27649999999997, -208.07449999999997, -208.03216666666663, -208.18516666666667, -207.87633333333335, -208.13783333333333, -208.1966666666667]
	Deviation 150000: [0.7322898636772487, 0.6498101432127846, 0.7662086675457428, 0.7364225462780654, 0.8676058372837765, 0.6030719046865161, 0.7072030197270847]

	Average Rewards 200000: [-208.14512499999998, -208.05625, -208.00137499999997, -208.159625, -207.89225000000002, -208.22787499999998, -208.07212500000003]
	Deviation 200000: [0.6319167765615958, 0.5777779363648293, 0.6976187622906943, 0.4913135455083646, 0.7138655335565641, 0.7329834795205129, 0.6974383485298165]

	Average Rewards 250000: [-208.17710000000002, -208.11700000000002, -207.94170000000003, -208.16039999999998, -207.8586, -208.18330000000003, -208.09640000000002]
	Deviation 250000: [0.4832937409071217, 0.5181674439792634, 0.5729038837361811, 0.49231883977763946, 0.5693053135181498, 0.49191346800021807, 0.6448069788704233]

	Average Rewards 300000: [-208.142, -208.1275833333333, -207.94816666666665, -208.14241666666666, -207.9543333333333, -208.19116666666667, -208.03799999999998]
	Deviation 300000: [0.48649065024702987, 0.48318829720467643, 0.4588214522011778, 0.49862166964989074, 0.5255469769678079, 0.49220954492076746, 0.5326370063707161]

	Average Rewards 350000: [-208.21685714285715, -208.11664285714286, -207.95028571428574, -208.11642857142854, -207.9935714285714, -208.13607142857143, -208.0446428571429]
	Deviation 350000: [0.47019917620740354, 0.3911977030315296, 0.45860360367764635, 0.49533255166069284, 0.5208462991583414, 0.46649993984731813, 0.5510680723904842]

	Average Rewards 400000: [-208.2006875, -208.09643749999998, -207.9066875, -208.0978125, -208.0049375, -208.15943750000005, -208.0605625]
	Deviation 400000: [0.4463567974445994, 0.34914950236252573, 0.3901958943114342, 0.3626117823340836, 0.5255586090651497, 0.47283790001172693, 0.44874462044129343]

	Average Rewards 450000: [-208.16299999999998, -208.0671111111111, -207.90594444444446, -208.11072222222225, -208.0413333333333, -208.12466666666663, -208.02566666666667]
	Deviation 450000: [0.452887321445331, 0.42331450818452704, 0.4487877223733835, 0.3187554211594179, 0.4844315874950371, 0.4289569390458147, 0.4941481821538185]

	Average Rewards 500000: [-208.13889999999995, -208.0989, -207.9142, -208.10690000000002, -208.04815000000002, -208.1174, -208.0753]
	Deviation 500000: [0.4221364293685165, 0.331267701413825, 0.33343212952563567, 0.29610368116590413, 0.4539917565330882, 0.31020757566506985, 0.4210313646273904]