
Powerplant_Airpollution

	Average Rewards 10000: [-2748098.098098098, -2757557.5575575577, -2744094.094094094, -2775125.1251251255, -2763313.3133133133, -2769719.71971972, -2748648.648648649, -2755655.6556556555, -2770770.7707707705]
	Deviation 10000: [36442.52030960188, 28253.419495180267, 26175.793381407486, 37189.6121441945, 37164.277011507846, 52721.71163929978, 20749.71495685932, 31949.65634087577, 25086.01177280573]

	Average Rewards 20000: [-2752926.463231616, -2766508.254127064, -2759929.9649824915, -2763481.740870435, -2756003.00150075, -2772761.380690345, -2751425.712856428, -2760630.3151575783, -2760630.3151575793]
	Deviation 20000: [22717.305010232623, 23965.910086100284, 37339.206845000386, 29850.977506404546, 33469.1728383613, 38578.375341261, 22123.501688580727, 18558.538014304697, 16283.890776087139]

	Average Rewards 30000: [-2762070.6902300767, -2763437.812604201, -2752434.144714905, -2765171.723907969, -2753751.250416805, -2768406.1353784595, -2758619.5398466154, -2759719.906635545, -2762870.9569856613]
	Deviation 30000: [24232.77229128232, 18682.780035139804, 29372.129588849533, 21638.88341597557, 19237.4637679056, 31338.943281601016, 17040.905245637285, 15652.15531770688, 12412.255280894595]

	Average Rewards 40000: [-2767979.494873719, -2770230.0575143783, -2750362.590647662, -2763115.778944736, -2751912.978244561, -2764878.7196799205, -2760340.0850212555, -2756001.500375094, -2762115.5288822204]
	Deviation 40000: [23468.00738268049, 17940.57393814652, 23136.13476600854, 20797.340278223906, 18120.45887920772, 26372.83879472648, 13466.603631664068, 11619.602204432305, 17812.737773364235]

	Average Rewards 50000: [-2766043.2086417284, -2766103.220644129, -2753650.730146029, -2764152.830566113, -2753250.6501300265, -2768173.6347269453, -2758521.704340868, -2752710.542108421, -2764592.9185837163]
	Deviation 50000: [19064.896369259823, 19938.844176645223, 22064.421950571465, 12023.219924156167, 23721.868988725273, 17926.352914002146, 13999.088611541849, 12277.487065600646, 16866.48095759244]

	Average Rewards 60000: [-2768819.80330055, -2764944.15735956, -2751416.902817136, -2767094.515752625, -2756209.368228038, -2768969.828304718, -2760851.8086347724, -2755692.615435906, -2759801.6336056013]
	Deviation 60000: [18864.4820351197, 14081.873091454629, 23282.036826711315, 14510.088733128878, 12365.593778713943, 18661.160660258625, 11853.783392346777, 13740.305029559004, 14791.08928177272]

	Average Rewards 70000: [-2767366.7666809545, -2764002.000285755, -2752821.8316902416, -2770167.166738105, -2756129.447063866, -2766988.141163023, -2759922.8461208744, -2756222.3174739247, -2759987.1410201457]
	Deviation 70000: [16011.889123542118, 12345.201499911112, 19981.491047979187, 13638.88804172367, 13923.05108559336, 12734.272093199865, 11115.983884041127, 10067.454990950959, 13432.505784234276]

	Average Rewards 80000: [-2766108.263532941, -2764814.3517939737, -2753244.15551944, -2770008.751093887, -2756288.2860357547, -2768096.0120015005, -2760488.8111013873, -2754381.7977247154, -2761751.4689336168]
	Deviation 80000: [16617.977012110627, 13650.860692654367, 17269.45526388631, 17347.831661724733, 10731.499360885191, 10274.314818363695, 9752.663286848125, 10179.918949491872, 11610.521381827562]

	Average Rewards 90000: [-2766057.339704412, -2764751.6390710077, -2750372.2635848424, -2767707.523058118, -2756817.4241582397, -2766829.647738638, -2760706.745193911, -2754067.11856873, -2763673.741526836]
	Deviation 90000: [13151.362684485917, 10726.407294694825, 16702.6875034526, 15858.543917552475, 10106.395972733733, 13045.82299774353, 7395.881844205632, 9236.493673189174, 13122.41009623892]

	Average Rewards 100000: [-2766901.690169017, -2764456.4456445645, -2750620.0620062007, -2766251.625162516, -2760006.00060006, -2765681.568156815, -2760691.0691069104, -2754980.498049805, -2761371.1371137113]
	Deviation 100000: [12349.843205492592, 11312.943704413308, 13739.759070233027, 12576.77456544173, 11765.512486608568, 9840.710947385593, 7940.789356012278, 9912.939891515338, 13963.04824863145]

	Average Rewards 110000: [-2766878.8071642877, -2763410.310028184, -2750490.9537230656, -2766092.3720338214, -2759605.418674425, -2763846.713337576, -2761087.3715792345, -2755514.1376488777, -2763033.003000273]
	Deviation 110000: [13807.766471429682, 8277.755663977092, 17467.35197313528, 14111.991139159496, 11288.732572092942, 11036.884913710079, 7142.2570971114765, 9023.605992845021, 9082.725783874756]

	Average Rewards 120000: [-2767247.2706058836, -2763738.644887074, -2750475.039586632, -2767772.31435953, -2760859.2382698557, -2762284.357029752, -2761550.962580215, -2755617.1347612296, -2762613.551129261]
	Deviation 120000: [13680.887370996305, 4505.187674046463, 11656.106268001267, 12087.386208709426, 10792.895059277696, 10331.792323144493, 7174.3842997007705, 7311.442430225596, 10297.412287789397]

	Average Rewards 130000: [-2766174.321101623, -2766512.8086775905, -2750430.802369413, -2767474.421109316, -2761208.5545041924, -2763562.581737057, -2760135.395030387, -2756958.2275559655, -2762947.149780753]
	Deviation 130000: [11061.616352808413, 14518.172656297276, 10055.873944906934, 9428.774214087549, 8898.201749278413, 11956.872573500392, 8655.007635962222, 10482.732199985106, 5257.083715000126]

	Average Rewards 140000: [-2765726.123294521, -2765901.1357954135, -2752910.922208729, -2768322.7373383814, -2759879.277091221, -2763325.9518537037, -2760379.312808058, -2756821.915851132, -2763400.957211229]
	Deviation 140000: [10902.55262177606, 12079.833967334616, 11422.097020988125, 11105.756880929082, 9776.207186478843, 10596.905625342435, 6238.013820784814, 8661.274037783167, 7824.531899398133]

	Average Rewards 150000: [-2766087.739182612, -2763754.250283352, -2753190.2126808455, -2766741.1160744047, -2760864.0576038407, -2762750.8500566706, -2760057.33715581, -2756970.464697647, -2763204.2136142408]
	Deviation 150000: [9164.349276758361, 12196.945941221586, 9942.513768559147, 11568.60067247412, 8812.274169241877, 11110.186109777465, 8304.55267345371, 6367.496040091159, 10200.9001012064]