
SkillTeaching
	Run Time : [225.45611214637756, 409.30220341682434, 2561.281684398651, 3642.331939935684, 4664.270489454269, 5637.146071910858, 6784.246602296829, 7800.384288549423, 8438.307054758072, 9201.956100940704, 9266.72284913063]
	Log Likelihood : [-24.4339512381427, -5.969381767210244, -1.9439431667940255, -1.9439431667940255, -1.9439431667940255, -1.9439431667940255, -0.8981039994673795, -0.8981039994673795, -0.8981039994673795, -0.8981039994673795, -0.8981039994673795]
	Log Likelihood Deviation: [0.5690318459563833, 0.08113381492825335, 0.030688176346793265, 0.030688176346793265, 0.030688176346793265, 0.030688176346793265, 0.01686138579108599, 0.01686138579108599, 0.01686138579108599, 0.01686138579108599, 0.01686138579108599]
	MEU : [-47.1293284254487, -7.898217471735515, -7.607713884467893, -7.607713884467893, -7.607713884467893, -7.607713884467893, -7.180539, -7.180539, -7.180539, -7.180539, -7.180539]
	Nodes : [942, 1693, 22161, 22161, 22161, 22161, 42320, 42320, 42320, 42320, 42320]
	Parameters : [20, 289, 762, 762, 762, 762, 100, 100, 100, 100, 100]
	Layers : [12, 16, 22, 22, 22, 22, 16, 16, 16, 16, 16]
	Average Rewards : [-8.879470800541522, -7.9052637823558545, -7.615391472184976, -7.615364310784777, -7.615364310784777, -7.615374187657583, -7.180538999996855, -7.180538999996855, -7.180538999996855, -7.180538999996855, -7.180538999996855]
	Rewards Deviation : [0.019032849140173006, 0.019984646324725464, 0.011742554008000049, 0.012830753463376178, 0.013191795402603417, 0.011334614192267348, 0.0, 0.0, 0.0, 0.0, 0.0]



