
LungCancer_Staging

	Average Rewards 50000: [3.0961379999999905, 3.10954799999999, 3.117345999999991, 3.1108329999999915, 2.2507104000000346, 3.10990599999999, 3.1181469999999916, 3.1304029999999896, 3.1139249999999907]
	Deviation 50000: [0.02769138685584184, 0.032226321477945415, 0.028676307014674638, 0.02925774659812125, 0.011676532526396933, 0.02050591656083466, 0.027433268416284313, 0.043276232114172794, 0.0369154303780933]

	Average Rewards 100000: [3.095570000000013, 3.098867000000013, 3.1193880000000127, 3.115262500000013, 2.252612400000065, 3.1152545000000145, 3.1141700000000134, 3.119160500000013, 3.1139385000000135]
	Deviation 100000: [0.020187980334843345, 0.022058216689027833, 0.02543664174965065, 0.02317178915189886, 0.00854359094526202, 0.01770074676391084, 0.01951859401954945, 0.020336111870267248, 0.02016692431929286]

	Average Rewards 150000: [3.0992630000000294, 3.0968210000000282, 3.119449666666694, 3.1126786666666946, 2.2507991999998285, 3.114717000000029, 3.1158556666666937, 3.1163773333333595]
	Deviation 150000: [0.013672028029684284, 0.021121496569455018, 0.023827994329738936, 0.023591173029103376, 0.0085606419946165, 0.016074402784829658, 0.017931624565433953, 0.016241593298966146]

	Average Rewards 200000: [3.099935500000036, 3.0971702500000333, 3.117268250000036, 3.1114817500000345, 2.2505555999997098, 3.1144377500000355, 3.113085000000034, 3.114725000000034]
	Deviation 200000: [0.01400553782437884, 0.018320825861576084, 0.019119171000599584, 0.01615969957564677, 0.006669283367798345, 0.012829035120582174, 0.01680640223992565, 0.017638220839278382]

	Average Rewards 250000: [3.0988278000000404, 3.0962476000000385, 3.1150986000000405, 3.112395000000039, 2.250369119999637, 3.1158882000000405, 3.1123988000000393, 3.116658600000039]
	Deviation 250000: [0.013789288529874185, 0.015592740818731705, 0.018268588041778226, 0.013097861886586593, 0.005807359581221281, 0.01199039848212166, 0.016102528825004597, 0.015262430639979263]

	Average Rewards 300000: [3.099077000000008, 3.0953316666666746, 3.11314816666667, 3.113294666666675, 2.25059999999959, 3.1148850000000072, 3.1124516666666744, 3.1143408333333404]
	Deviation 300000: [0.010879475715002225, 0.014640943873261921, 0.01761666138757738, 0.013998403010107602, 0.004301515081921959, 0.014547970410179294, 0.014450634357469851, 0.014265075505123799]

	Average Rewards 350000: [3.0997907142856884, 3.093793714285689, 3.113861428571405, 3.1128369999999763, 2.2503181714281273, 3.1157708571428326, 3.1107824285713987, 3.1139472857142603]
	Deviation 350000: [0.010934387901271207, 0.012988413450419031, 0.012404657412045359, 0.01189004346295844, 0.004196295733241319, 0.013323780094250236, 0.012862240295863856, 0.012729451239433105]

	Average Rewards 400000: [3.0995961249999477, 3.093947499999952, 3.1130752499999463, 3.1135771249999475, 2.2501382999996804, 3.1138623749999517, 3.1113973749999455, 3.1143251249999504]
	Deviation 400000: [0.01097617463389204, 0.010394367615436861, 0.012645965479400405, 0.01130492027558754, 0.004379875724264762, 0.013416203574167566, 0.013137490475726786, 0.009664434091678668]

	Average Rewards 450000: [3.0976708888888185, 3.0944001111110446, 3.1118651111110434, 3.114276888888814, 2.24963119999983, 3.113266222222149, 3.1102514444443723, 3.1132705555554896]
	Deviation 450000: [0.01052614009894253, 0.012233394199052889, 0.014447950559083114, 0.008063032955680158, 0.004098186794721032, 0.01047236833614106, 0.011943626331664832, 0.011167267507320255]

	Average Rewards 500000: [3.097608499999913, 3.0949048999999156, 3.112186099999913, 3.113720099999911, 2.2493891999999485, 3.113863399999914, 3.1101509999999184, 3.1143813999999193]
	Deviation 500000: [0.010839148282952162, 0.011945628289874345, 0.009809387062400688, 0.00876893854693599, 0.0034171567128234827, 0.010963817124514266, 0.011219111595837486, 0.010402567377328018]