
Export_Textiles

	Average Rewards 10000: [1724213.4134134133, 1728049.5995995998, 1724915.065065065, 1722176.7767767764, 1725065.3653653655, 1716052.8528528525, 1729333.9339339337, 1723818.018018018, 1715029.7797797795, 1710444.7947947949]
	Deviation 10000: [17907.33996540102, 15502.67401104027, 23801.066463318773, 20205.262821322376, 16232.332182639848, 17123.615465345014, 12907.47561844511, 17170.93779992093, 18152.585289747305, 11299.811125843114]

	Average Rewards 20000: [1722515.907953977, 1719871.585792896, 1726284.7173586793, 1724061.1555777888, 1725863.2066033017, 1713777.288644322, 1721988.144072036, 1724333.8669334669, 1722208.7293646825, 1711796.3731865934]
	Deviation 20000: [6661.597070809256, 16333.596040922459, 14999.512122255506, 10475.33859481981, 16624.357007392, 10905.410687028594, 9602.216298709749, 7495.884362956247, 14827.16064684333, 13267.204328216]

	Average Rewards 30000: [1723059.8699566522, 1720474.2080693566, 1721796.4821607203, 1721223.7912637542, 1722150.933644548, 1719658.3527842616, 1723572.6742247413, 1724038.0793597866, 1722700.9836612202, 1715556.2020673559]
	Deviation 30000: [8259.90204264649, 12490.700319756868, 11865.648653040564, 7601.025678779066, 15076.99291941843, 12673.351519838943, 6540.790029124043, 6567.891057853551, 9163.052525347304, 11217.896858695069]

	Average Rewards 40000: [1719506.7641910478, 1720796.674168542, 1724685.3338334584, 1720869.267316829, 1721137.4968742188, 1724254.6886721682, 1724167.0667666916, 1723449.2498124533, 1721983.2708177045, 1716632.208052013]
	Deviation 40000: [11571.554754026774, 9288.250784894635, 11953.141138262275, 7776.933448628003, 10711.421314537856, 13410.512358761556, 7032.934838393206, 6762.7765963105185, 7818.667909247002, 8132.57072546147]

	Average Rewards 50000: [1719184.9369873975, 1719165.0930186037, 1725075.4350870172, 1719827.125425085, 1722481.3162632529, 1724256.8713742748, 1721516.8033606722, 1723882.8665733146, 1720583.126625325, 1718126.925385077]
	Deviation 50000: [9090.62640744915, 9385.000605744162, 9080.55955148385, 6767.2813123957, 10166.786304853964, 11879.496468421547, 8850.648628383038, 5165.536825138891, 8753.684477212513, 7104.0133525779365]

	Average Rewards 60000: [1719312.085347558, 1719039.773295549, 1723781.7886314387, 1720728.2630438406, 1723247.1245207537, 1722916.8194699115, 1721697.5662610433, 1724215.927654609, 1720075.7542923824, 1719460.9518253044]
	Deviation 60000: [8459.429660312988, 7469.01232062696, 7012.782698297469, 6443.0678626359495, 10323.131811868767, 10470.868835317067, 6343.028665782652, 3458.2386302944064, 4517.409838506568, 8193.151888143972]

	Average Rewards 70000: [1720322.6603800543, 1718822.95327904, 1725318.8241177308, 1720547.149592799, 1722634.2977568223, 1723083.011858837, 1721247.2496070866, 1722945.37791113, 1719262.773253322, 1719986.8695527934]
	Deviation 70000: [8635.039776994301, 7766.543138879722, 8379.509924808703, 6300.3696777162095, 5591.760280906909, 9393.630782750985, 7518.609029268379, 4650.487083013515, 6325.046925948219, 7561.037950828006]

	Average Rewards 80000: [1721284.016752094, 1718503.9192399052, 1725534.7605950744, 1719610.2075259406, 1722602.2752844107, 1722025.7407175899, 1721440.8613576696, 1723044.2930366297, 1720237.7672209025, 1720346.2682835355]
	Deviation 80000: [5351.6958579570055, 6228.068688213854, 7384.488375916586, 4755.491688854681, 6420.862734592487, 10087.72925245325, 6072.688119321241, 4166.153998442723, 4812.157219361835, 5850.289157204219]

	Average Rewards 90000: [1720901.4001555727, 1719324.9694410488, 1724523.097010779, 1719854.2893654848, 1721860.1177908655, 1722016.9185465053, 1721107.5175019447, 1722364.8516501836, 1720769.7577508613, 1720123.7748638738]
	Deviation 90000: [6226.446286192212, 4737.777866892786, 5838.741176200096, 5843.790451395731, 6684.976414074108, 8846.29898818662, 5418.95569077073, 4341.278842988795, 6196.98820296234, 5837.371392839912]

	Average Rewards 100000: [1722101.2201220125, 1719968.4918491847, 1723686.8336833685, 1720241.1941194118, 1721757.870787079, 1721853.775377538, 1720503.0403040305, 1721348.5098509851, 1721054.785478548, 1720652.9152915291]
	Deviation 100000: [6265.856773619384, 5322.637744664994, 7119.524024618255, 4179.716798409051, 4586.990889723295, 7809.612518847419, 5650.5765854255305, 4540.668514553796, 5156.0492126188865, 4925.664618989626]

	Average Rewards 110000: [1721131.4074006728, 1719704.3776706972, 1723153.1684698611, 1720456.8188017092, 1721606.764251296, 1722335.5032275661, 1720093.8630784615, 1722025.6977907084, 1719706.7097008817, 1720307.4006727885]
	Deviation 110000: [5487.0470557422, 5904.268146174483, 4786.02395238569, 4382.973384065966, 3142.165411043202, 7445.552221402319, 5857.2721125023, 4156.571285318583, 5186.889599103534, 6870.424206152163]

	Average Rewards 120000: [1721375.1604300358, 1719002.241853488, 1723216.1638469875, 1720337.2989415783, 1721819.7933161096, 1722860.5133761144, 1720616.9555796317, 1721382.2360196684, 1719490.8492374364, 1719847.0955912992]
	Deviation 120000: [5315.088114765824, 4416.431975760339, 5486.965066157186, 4460.456869878394, 3225.3840216095186, 8065.580050894545, 4981.811908660778, 3506.964044936949, 4815.51657291412, 5732.859057476152]

	Average Rewards 130000: [1720998.4960381568, 1719348.1652434804, 1722858.004461882, 1720614.170320794, 1721800.3077159785, 1721802.1886298948, 1720329.2368643743, 1721975.9058389105, 1719483.2756365873, 1719474.1826294332]
	Deviation 130000: [6722.125409983958, 4976.202922918859, 4465.728623734939, 2979.867031211984, 4361.640886823363, 6645.528882807614, 4959.208496919693, 2420.3779593448285, 4682.948306182476, 5537.942345729919]

	Average Rewards 140000: [1721457.8112722337, 1719220.8372026575, 1722770.3014501035, 1721100.0, 1721282.1415815416, 1721936.7204800341, 1720400.4964640331, 1721954.389599257, 1719001.217944139, 1719436.5454675332]
	Deviation 140000: [5273.49871726466, 3976.1660155648324, 4751.8977712937585, 4428.46979142013, 3264.8778415481765, 6411.148116166111, 3638.8093707418625, 3754.8121538193623, 5357.008728661609, 3893.902390814072]

	Average Rewards 150000: [1722184.4222948197, 1719382.1854790319, 1722806.470431362, 1720794.569637976, 1721249.549969998, 1721301.9534635642, 1720279.5053003535, 1722427.245149677, 1718957.5371691443, 1719446.0097339824]
	Deviation 150000: [6555.857209459749, 2425.6815185574073, 5811.87633952415, 2230.4489179025836, 4557.904034800425, 6945.47465903996, 3035.046503079051, 3406.7524665174315, 4213.958117981577, 5191.733775700612]

	Average Rewards 160000: [1721124.4484030255, 1720056.59103694, 1722679.8174885928, 1720345.3090818175, 1721504.381523845, 1721197.6436027256, 1720681.9582473903, 1722278.9643102693, 1719247.3310831927, 1719434.5646602914]
	Deviation 160000: [4434.37173046191, 4403.087078584543, 4707.215505780518, 3719.2224930230914, 3946.729936211541, 6269.35534068158, 2880.8991012946426, 3536.0684434491736, 3980.6448637192516, 4315.441796224384]

	Average Rewards 170000: [1721386.4933231368, 1719655.2767809872, 1722620.3953173715, 1720856.4444967352, 1722055.4473792575, 1720507.2945467383, 1720467.5186775692, 1721638.681687158, 1719491.8171657156, 1719730.3929642923]
	Deviation 170000: [5300.440353030908, 1687.9564312301975, 4059.3050094452756, 3011.4430548752152, 4431.498258357702, 6819.776814158973, 3069.9098155782503, 3910.0305321873166, 3340.5278004147312, 4208.789019169943]

	Average Rewards 180000: [1721570.7844880272, 1719417.9121062283, 1722613.1507305962, 1721357.625423635, 1722220.8928273793, 1720250.4666925936, 1720646.813711873, 1721594.9413856324, 1719704.2169009387, 1720006.6670370575]
	Deviation 180000: [3981.7341000522856, 2156.985497040146, 3499.9942819393896, 5249.2087628390655, 4619.445591169052, 6005.408546916625, 3389.9866188608025, 3170.495536350765, 3825.107455289721, 5062.869234449286]

	Average Rewards 190000: [1721942.846991947, 1719760.2689615241, 1722027.5514500763, 1721430.5358176746, 1722803.17911469, 1720479.0252118532, 1720692.2153797566, 1721447.7340912682, 1719919.306279278, 1720327.6988262539]
	Deviation 190000: [4807.026723453914, 4257.983819970487, 4109.197225590437, 3023.3600857185183, 4526.899210754449, 5775.576796958614, 2759.4292846165968, 3754.9361595105083, 4177.014514494733, 4076.362002095549]

	Average Rewards 200000: [1722148.2824141209, 1719730.1640082006, 1721977.94639732, 1721190.8820441023, 1722498.9849492474, 1720927.8163908194, 1720887.5318765943, 1721228.4864243213, 1719740.7270363518, 1719978.3389169457]
	Deviation 200000: [3784.8072456568298, 4137.404978441349, 4081.314230198774, 4203.520685731529, 3889.5642619023465, 6690.928176169884, 2791.141780871053, 3751.390288376749, 3718.6872268043076, 3905.409429374877]