
GameOfLife
	Run Time : [152.5618634223938, 752.8968393802643, 3778.9327857494354, 5492.052267074585, 9348.144783735275, 12224.432264566422, 13196.357997894287, 14114.30926990509, 14051.375816106796, 15170.068479061127, 15279.90201663971, 15503.499443531036, 15483.576924562454, 15515.465003490448, 15589.440560340881, 15650.978976726532, 15691.12542295456, 15593.127679109573]
	Log Likelihood : [-10.853872823727759, -10.846744863853283, -8.403255377986866, -8.267961821772527, -6.943724413973098, -5.983020631214568, -5.8859795001001265, -5.146443214290348, -5.112322679251555, -4.626295210955778, -4.6522117494988855, -4.663144855047961, -4.635588395486958, -4.630584907877058, -4.631948083465982, -4.635653360382708, -4.640366042380167, -4.630280288981273]
	Log Likelihood Deviation: [0.18449233769708268, 0.2588791078811392, 0.2915910361391348, 0.2552993504069091, 0.2025085427481468, 0.1250056661790957, 0.14439783769741152, 0.2581449405276246, 0.266010639161589, 0.2583059104608148, 0.25988660855080575, 0.2492470895382542, 0.24874832178756212, 0.24496720762962396, 0.25242020788056896, 0.24168600317186748, 0.24558935411658206, 0.2485291361574375]
	MEU : [77.420539264374, 103.95818818414463, 86.99235833541321, 84.05180702707186, 77.91300167805147, 80.17449749361604, 83.64804323267263, 85.95626580090102, 85.956265800901, 85.30956279842715, 85.20554813803666, 85.18909897894765, 85.18909897894767, 85.18909897894768, 85.18909897894765, 85.18909897894765, 85.18909897894767, 85.18897362751599]
	Nodes : [1378, 14504, 187264, 254698, 437152, 540562, 563413, 615900, 617588, 685351, 686571, 684710, 684457, 684110, 684121, 684033, 684008, 684080]
	Edges : [1291, 14314, 177620, 239929, 407713, 502078, 522758, 570655, 572255, 634129, 635263, 633501, 633261, 632926, 632936, 632852, 632829, 632896]
	Layers : [18, 21, 34, 37, 41, 39, 38, 40, 43, 39, 41, 39, 39, 39, 39, 39, 39, 39]
	Average Rewards : [9.48106, 9.663823999999998, 8.836052, 9.527798, 10.00656, 10.101796, 10.429566, 10.808330000000002, 10.808537999999999, 10.808710000000001, 10.808524, 10.80882, 10.808418, 10.808338, 10.808732, 10.808586000000002, 10.808634, 10.808526000000002]

	Rewards Deviation : [0.027093346046584817, 0.02655833247777432, 0.03410558746012172, 0.03004683504131521, 0.019969601898886257, 0.029029305606576253, 0.02981131570394016, 0.028587791100398156, 0.028172803481371755, 0.027146550425422338, 0.02788576382314094, 0.02744512342839794, 0.02886853955433139, 0.02845762210726682, 0.028376944444390095, 0.02759882432278587, 0.02815693420811295, 0.02775569894634257]




